1  1  1  1  1  1  1  1  1  1  1  1  1  1  1  1  1  1  1  1  1  1  1  1  1  1  1  1  1  1  
9.21627e-05  0.48674  0.537395  0.520332  0.492494  0.495634  0.494275  0.482058  0.51761  0.482926  0.494718  0.47156  0.498122  0.488729  0.50495  0.476004  0.514906  0.497899  0.506548  0.484263  0.453715  0.501617  0.48088  0.486126  0.496132  0.523137  0.48757  0.512791  0.548282  0.504984  
0.00239622  0.528721  0.556384  0.547876  0.514912  0.512563  0.520598  0.488352  0.523053  0.492372  0.503594  0.487181  0.531626  0.519887  0.516815  0.494818  0.500359  0.490959  0.507983  0.474485  0.491959  0.47085  0.484604  0.501003  0.497927  0.504241  0.509776  0.502306  0.557971  0.503539  
0.00114636  0.512724  0.502497  0.516257  0.496097  0.517462  0.550777  0.509207  0.498746  0.480648  0.497186  0.470083  0.549581  0.504856  0.536701  0.469073  0.497217  0.530186  0.465647  0.497022  0.48697  0.490361  0.493477  0.501595  0.439815  0.478237  0.481492  0.502374  0.549462  0.486439  
0.0292331  0.570888  0.538555  0.574982  0.537321  0.536016  0.564307  0.548306  0.560206  0.523567  0.509746  0.506537  0.510779  0.524443  0.514199  0.506272  0.527283  0.506675  0.484301  0.498509  0.479558  0.532469  0.456879  0.487279  0.456803  0.491985  0.486601  0.495822  0.542485  0.529766  
0.592875  0.907747  0.845254  0.903521  0.846521  0.864832  0.818499  0.826538  0.841398  0.802601  0.796002  0.790815  0.75037  0.772423  0.776557  0.762293  0.742956  0.747662  0.743158  0.769045  0.735617  0.733418  0.715379  0.695935  0.707727  0.694654  0.681159  0.671619  0.669494  0.679805  
0.118154  0.684637  0.679236  0.646524  0.658002  0.643888  0.594128  0.591253  0.568566  0.577435  0.563852  0.552976  0.569048  0.537946  0.535426  0.506978  0.535318  0.518477  0.534245  0.517667  0.519772  0.511299  0.491009  0.512671  0.508782  0.512224  0.470797  0.500179  0.4978  0.492269  
0.0322917  0.58694  0.59703  0.554786  0.589449  0.52113  0.506403  0.496225  0.525238  0.523792  0.517062  0.513914  0.537646  0.529652  0.509251  0.504317  0.495767  0.514273  0.526823  0.513847  0.476875  0.525161  0.497053  0.443354  0.465513  0.501679  0.478838  0.479067  0.528778  0.525415  
0.00957905  0.571087  0.62095  0.561177  0.542369  0.52333  0.468214  0.485964  0.48407  0.496451  0.488267  0.499413  0.501572  0.526628  0.499375  0.499026  0.450193  0.503587  0.53142  0.487436  0.508923  0.481424  0.503254  0.458201  0.486362  0.497586  0.487909  0.516539  0.50209  0.473869  
0.000555418  0.504544  0.543901  0.535675  0.51294  0.499874  0.511025  0.497165  0.51764  0.481362  0.502046  0.481165  0.52413  0.4985  0.52456  0.474254  0.501966  0.506392  0.498692  0.473945  0.469637  0.48548  0.482833  0.493027  0.485271  0.521115  0.490048  0.512863  0.555531  0.492624  
0.583131  0.845547  0.863592  0.850096  0.830429  0.847468  0.801286  0.823151  0.790593  0.791295  0.794032  0.78769  0.798464  0.79699  0.720576  0.750587  0.748371  0.746503  0.746486  0.749093  0.731877  0.736131  0.691052  0.697508  0.702701  0.713386  0.713642  0.713198  0.681472  0.704924  
0.126732  0.685671  0.641602  0.642116  0.651916  0.620649  0.598622  0.605398  0.590447  0.573014  0.576921  0.552517  0.545075  0.542646  0.547542  0.528555  0.50281  0.522316  0.519687  0.506728  0.498681  0.54221  0.481713  0.52035  0.500182  0.509296  0.466905  0.504489  0.524688  0.463033  
0.122796  0.661502  0.632087  0.642223  0.634014  0.637712  0.6001  0.590214  0.585952  0.558  0.563641  0.561553  0.557221  0.546878  0.568927  0.557383  0.543041  0.53169  0.58277  0.529548  0.520541  0.542513  0.516686  0.512306  0.530812  0.54138  0.497372  0.508347  0.518822  0.517391  
0.253361  0.759615  0.74705  0.704729  0.708891  0.693657  0.670337  0.64971  0.663619  0.66238  0.614235  0.644784  0.62201  0.601434  0.592257  0.575212  0.582135  0.567537  0.55054  0.577049  0.563731  0.541413  0.549144  0.559818  0.551435  0.543578  0.501843  0.546559  0.508802  0.527512  
0.0270116  0.567102  0.600541  0.568446  0.565181  0.5527  0.503127  0.510934  0.527189  0.49984  0.518582  0.482169  0.52956  0.505049  0.534051  0.487298  0.478985  0.521799  0.528444  0.504025  0.458886  0.505248  0.481057  0.494554  0.478653  0.499528  0.456305  0.492968  0.495902  0.485589  
0.855665  0.983747  0.961648  0.971556  0.951988  0.942382  0.942952  0.956528  0.939714  0.921918  0.930426  0.926929  0.919706  0.917663  0.91887  0.903987  0.902405  0.871032  0.894091  0.882395  0.885451  0.872783  0.872225  0.867643  0.86715  0.867438  0.870155  0.861436  0.842469  0.859968  
0.259986  0.74782  0.747572  0.710562  0.723956  0.696726  0.648808  0.65747  0.665213  0.654304  0.63054  0.63455  0.62712  0.593835  0.598618  0.603541  0.596585  0.554607  0.565436  0.578151  0.550198  0.584789  0.546704  0.553835  0.578856  0.525519  0.543984  0.529666  0.53803  0.538075  
0.433353  0.841025  0.783681  0.817433  0.796182  0.791673  0.755213  0.758158  0.747089  0.748751  0.723045  0.711271  0.692051  0.694708  0.68834  0.67459  0.66201  0.673491  0.644656  0.664405  0.628577  0.650436  0.609537  0.623432  0.611817  0.618778  0.582675  0.60489  0.591909  0.583226  
0.011671  0.545617  0.546268  0.551258  0.539712  0.527218  0.521038  0.537011  0.512362  0.507336  0.508932  0.498294  0.513761  0.502829  0.50003  0.476268  0.518948  0.512179  0.481562  0.501971  0.473495  0.518622  0.467866  0.497497  0.466614  0.507179  0.450623  0.503422  0.549274  0.523577  
0.393736  0.814416  0.792734  0.783754  0.796786  0.772071  0.745767  0.747216  0.746173  0.725021  0.686219  0.709193  0.699879  0.670173  0.681475  0.661437  0.650374  0.62959  0.633308  0.64938  0.639712  0.619992  0.60401  0.62019  0.604654  0.587895  0.57556  0.601784  0.59381  0.582478  
0.0238698  0.5603  0.606382  0.562266  0.56017  0.553732  0.520306  0.51175  0.512419  0.498692  0.521096  0.492076  0.52914  0.497707  0.531689  0.48544  0.488693  0.514468  0.533069  0.502648  0.460648  0.523615  0.475697  0.489519  0.496843  0.497863  0.476473  0.491522  0.506701  0.503347  
0.750097  0.92348  0.925945  0.905136  0.959783  0.897428  0.902395  0.904545  0.889376  0.867148  0.878154  0.875816  0.883838  0.855086  0.852338  0.820428  0.869945  0.824242  0.83142  0.849884  0.819717  0.806963  0.795973  0.80292  0.801393  0.790585  0.795299  0.796692  0.796648  0.80595  
0.00378938  0.525124  0.521836  0.5385  0.508425  0.512682  0.550455  0.517357  0.492055  0.485239  0.497898  0.485432  0.535761  0.496168  0.519591  0.473846  0.506403  0.52392  0.477767  0.49814  0.478297  0.510221  0.470733  0.486437  0.466829  0.48215  0.493627  0.490534  0.5554  0.49806  
0.131419  0.67872  0.687525  0.646236  0.626194  0.600118  0.585662  0.604152  0.58283  0.565883  0.607178  0.591165  0.533489  0.537811  0.5529  0.54309  0.51945  0.553021  0.524844  0.509979  0.520763  0.508565  0.511917  0.515042  0.519647  0.522929  0.549578  0.517843  0.535249  0.518498  
0.219341  0.755158  0.707697  0.694913  0.710963  0.684645  0.660824  0.641129  0.628291  0.633066  0.60893  0.615747  0.573632  0.568995  0.603133  0.586565  0.570073  0.544697  0.548695  0.542674  0.534674  0.52127  0.537123  0.511843  0.54152  0.532918  0.531834  0.51319  0.53971  0.560737  
0.757124  0.924943  0.928443  0.915057  0.956837  0.907562  0.904155  0.905767  0.903919  0.859684  0.885126  0.885847  0.883018  0.85998  0.852181  0.8281  0.855908  0.824482  0.842316  0.835232  0.819567  0.79965  0.800555  0.812155  0.801841  0.794683  0.79848  0.792216  0.805414  0.803637  
0.689332  0.907104  0.885642  0.870352  0.864668  0.895406  0.883746  0.851894  0.875341  0.849724  0.836564  0.833466  0.831765  0.82047  0.82196  0.823423  0.834031  0.814073  0.821698  0.827441  0.804816  0.80951  0.785839  0.776264  0.767902  0.794275  0.784567  0.816743  0.756845  0.757877  
0.058896  0.604093  0.634795  0.566699  0.566974  0.577784  0.548889  0.544299  0.540727  0.553763  0.499455  0.555415  0.531728  0.530517  0.503421  0.537304  0.49854  0.506498  0.521751  0.491305  0.504124  0.517166  0.479038  0.507401  0.491472  0.518731  0.50001  0.491971  0.528761  0.523673  
0.769448  0.987557  0.908526  0.954893  0.893213  0.918288  0.894157  0.895552  0.875649  0.869656  0.892193  0.846572  0.858113  0.844563  0.869096  0.844455  0.834658  0.837834  0.841331  0.83321  0.838664  0.78894  0.798956  0.825426  0.818179  0.819849  0.789814  0.813727  0.794159  0.786181  
0.848709  0.976765  0.956478  0.938778  0.954464  0.946435  0.935321  0.943393  0.926434  0.948774  0.916122  0.934367  0.922137  0.936491  0.913855  0.894871  0.898161  0.886497  0.907873  0.902037  0.901797  0.891146  0.884366  0.883795  0.875416  0.850446  0.887372  0.844591  0.889222  0.883144  
0.665387  0.894567  0.902938  0.88547  0.878134  0.875709  0.855385  0.845401  0.854735  0.867917  0.806703  0.81641  0.819867  0.798118  0.797074  0.816177  0.818971  0.777616  0.785163  0.773844  0.751318  0.791846  0.751498  0.744628  0.753298  0.73786  0.744615  0.73068  0.715736  0.734245  
0.226677  0.741718  0.732812  0.698036  0.698263  0.67591  0.645215  0.639684  0.644512  0.640972  0.607382  0.608193  0.587277  0.585102  0.60171  0.571327  0.570111  0.577802  0.567955  0.569124  0.562948  0.547505  0.557832  0.538753  0.537881  0.525147  0.494119  0.542087  0.520692  0.525497  
0.527787  0.865797  0.845631  0.841651  0.79925  0.829534  0.779242  0.78098  0.801343  0.784277  0.760938  0.759569  0.729646  0.729983  0.716734  0.723856  0.714711  0.694256  0.718139  0.666795  0.694545  0.687287  0.660538  0.680565  0.65008  0.645867  0.650412  0.642416  0.639501  0.642777  
0.00610928  0.558924  0.610857  0.551315  0.558246  0.535088  0.513411  0.514885  0.513034  0.500786  0.506443  0.490206  0.526589  0.48946  0.545173  0.492889  0.468189  0.494344  0.516916  0.496934  0.450609  0.523396  0.462572  0.47871  0.491289  0.484776  0.473562  0.498225  0.512483  0.499275  
0.00715173  0.524493  0.557014  0.546257  0.533626  0.516889  0.53498  0.521388  0.50319  0.501626  0.474658  0.483953  0.509254  0.504042  0.537122  0.531068  0.499156  0.483575  0.493672  0.479728  0.484443  0.505638  0.454434  0.484285  0.474944  0.506474  0.472836  0.508043  0.547407  0.523441  
0.0731917  0.62887  0.59684  0.608155  0.643564  0.580475  0.579568  0.571707  0.522878  0.553877  0.5325  0.527639  0.534061  0.529394  0.506683  0.511646  0.516034  0.504771  0.522849  0.500778  0.475185  0.52071  0.483824  0.483988  0.515856  0.515319  0.508339  0.482329  0.529476  0.503534  
0.439906  0.826128  0.817603  0.783788  0.778892  0.760595  0.75607  0.735435  0.758528  0.750818  0.715949  0.747342  0.748522  0.699334  0.696516  0.68486  0.664713  0.648521  0.619158  0.651969  0.662668  0.64004  0.634019  0.642469  0.635342  0.618834  0.638086  0.631341  0.629915  0.625365  
0.113846  0.653375  0.658909  0.629244  0.60098  0.614436  0.556664  0.539733  0.584582  0.557736  0.578215  0.550813  0.520843  0.523038  0.534649  0.531066  0.514626  0.528585  0.555051  0.518155  0.477594  0.534266  0.487062  0.539484  0.525947  0.50049  0.482452  0.533027  0.484905  0.523135  
0.0553297  0.613844  0.641548  0.577982  0.592473  0.588339  0.53412  0.531099  0.551941  0.528826  0.536169  0.50507  0.51736  0.513325  0.492224  0.503344  0.525598  0.519631  0.528168  0.490689  0.484181  0.55631  0.474568  0.483101  0.510409  0.494344  0.476152  0.484742  0.494076  0.489091  
0.428055  0.772069  0.773944  0.791417  0.750434  0.768432  0.741064  0.733452  0.734625  0.72771  0.712172  0.710986  0.725829  0.709848  0.69149  0.685127  0.690967  0.680026  0.684387  0.678199  0.647106  0.632164  0.648788  0.644564  0.6335  0.643041  0.617704  0.612118  0.638344  0.633943  
0.659258  0.911055  0.889783  0.884911  0.935711  0.85322  0.85575  0.87061  0.841008  0.823619  0.842995  0.836531  0.83694  0.802505  0.80277  0.751586  0.796583  0.760546  0.759099  0.78081  0.751898  0.751865  0.732597  0.732286  0.736126  0.704358  0.726409  0.713426  0.71736  0.729159  
0.289233  0.771606  0.710685  0.730711  0.704227  0.72664  0.67588  0.683084  0.652479  0.650073  0.661036  0.644631  0.636754  0.610249  0.614381  0.605226  0.59411  0.579978  0.599156  0.575163  0.573554  0.557723  0.555721  0.565106  0.577979  0.567417  0.574123  0.561876  0.559319  0.556146  
0.153463  0.714696  0.681682  0.664196  0.664402  0.650095  0.620901  0.612267  0.605433  0.60217  0.568767  0.585648  0.562177  0.553397  0.551011  0.532743  0.520158  0.528116  0.527815  0.529478  0.523954  0.500932  0.495244  0.510524  0.514778  0.516087  0.473385  0.515404  0.507431  0.505633  
0.686064  0.912242  0.872746  0.924903  0.898278  0.892251  0.865125  0.874664  0.870406  0.849644  0.832154  0.83724  0.83206  0.804678  0.817727  0.806181  0.815151  0.799435  0.806715  0.788149  0.763045  0.795601  0.798211  0.750942  0.745641  0.751532  0.71976  0.736766  0.736983  0.706918  
0.808063  0.94308  0.931296  0.926751  0.944996  0.918484  0.923428  0.91462  0.911384  0.897677  0.917897  0.894244  0.924476  0.88824  0.894003  0.876251  0.866518  0.855807  0.871258  0.856639  0.843978  0.835985  0.83847  0.840391  0.8452  0.836715  0.825562  0.837749  0.827557  0.845679  
0.309454  0.763785  0.758821  0.728397  0.734346  0.726174  0.673188  0.689734  0.685025  0.676961  0.65877  0.653813  0.644155  0.622588  0.621943  0.600958  0.607673  0.606018  0.600752  0.593065  0.586592  0.577085  0.570426  0.585841  0.567668  0.545661  0.54055  0.563592  0.551563  0.557243  
0.785659  0.939932  0.927044  0.904948  0.924214  0.918044  0.908503  0.906366  0.89885  0.915876  0.884088  0.890633  0.889757  0.897133  0.885366  0.869602  0.87924  0.857763  0.865773  0.885569  0.867371  0.888715  0.854461  0.86029  0.840385  0.832696  0.807081  0.829051  0.860578  0.841372  
0.795859  0.954567  0.949954  0.947011  0.894949  0.925758  0.908642  0.891453  0.93253  0.870827  0.898494  0.926107  0.884862  0.88059  0.880689  0.878278  0.825228  0.819401  0.858747  0.859113  0.851112  0.858477  0.809384  0.833549  0.846321  0.837742  0.841872  0.803368  0.803205  0.803112  
0.304941  0.76918  0.766919  0.745294  0.727695  0.704263  0.678597  0.700296  0.67976  0.671745  0.658895  0.660572  0.62621  0.618358  0.652088  0.616519  0.612357  0.607987  0.59345  0.581408  0.588101  0.565998  0.599674  0.56412  0.552831  0.542653  0.531618  0.562215  0.54184  0.555173  
0.0198044  0.550043  0.584235  0.572148  0.527377  0.518271  0.531765  0.502789  0.540703  0.522329  0.506975  0.499948  0.529663  0.531472  0.512502  0.519204  0.419829  0.485587  0.508058  0.485567  0.498587  0.494151  0.491104  0.509666  0.506216  0.495054  0.530092  0.497797  0.561339  0.506033  
0.0650519  0.622806  0.621291  0.60286  0.605292  0.590331  0.555009  0.563541  0.557058  0.55451  0.5421  0.521154  0.50477  0.531119  0.497063  0.517385  0.528129  0.502051  0.531222  0.525339  0.467668  0.558158  0.476312  0.495382  0.519765  0.499995  0.49004  0.495571  0.514657  0.511425  
0.409246  0.799814  0.79155  0.780808  0.789262  0.779241  0.756788  0.729692  0.744491  0.726531  0.686056  0.708207  0.696268  0.681627  0.68437  0.663623  0.661866  0.620236  0.642365  0.656469  0.614501  0.642639  0.602185  0.60413  0.60335  0.578512  0.561123  0.584929  0.599526  0.6022  
0.776974  0.949218  0.943274  0.960409  0.904226  0.920267  0.901005  0.930186  0.910635  0.901149  0.908123  0.891989  0.868377  0.89963  0.841994  0.910545  0.84562  0.844871  0.846136  0.827904  0.850972  0.807325  0.815853  0.825299  0.82864  0.843056  0.8528  0.819905  0.789983  0.8223  
0.987581  0.999621  0.998875  0.999775  0.986785  0.987248  0.999997  0.984693  0.9981  0.999897  0.982626  0.998663  0.991523  0.995463  0.989761  0.997141  0.995274  0.999398  0.98643  0.997764  0.995038  0.99858  0.998882  0.999104  0.999291  0.996832  0.999635  0.995455  0.994317  0.973196  
0.522344  0.868524  0.909926  0.835262  0.821196  0.812743  0.775903  0.816949  0.794978  0.767568  0.777588  0.751002  0.726725  0.715735  0.733392  0.721384  0.719257  0.678758  0.706275  0.69978  0.673955  0.663074  0.667383  0.676942  0.667145  0.662424  0.660488  0.672896  0.608736  0.650228  
0.917661  0.966989  0.952505  0.970401  0.969768  0.973201  0.96564  0.964583  0.979306  0.944587  0.950831  0.944222  0.968542  0.950408  0.976651  0.924444  0.962986  0.953019  0.953283  0.918633  0.946833  0.919424  0.933835  0.93174  0.950647  0.948572  0.944602  0.92545  0.945925  0.943697  
0.744503  0.955493  0.938884  0.902569  0.903133  0.897397  0.896555  0.884506  0.888706  0.878668  0.867859  0.875597  0.875829  0.858183  0.849062  0.847976  0.852633  0.791456  0.813174  0.838492  0.828174  0.82255  0.785173  0.802199  0.794491  0.797667  0.814323  0.789187  0.767469  0.806582  
0.456097  0.828999  0.831691  0.789245  0.803559  0.816787  0.788397  0.762171  0.769341  0.746397  0.720789  0.737567  0.725588  0.6993  0.706466  0.684029  0.698726  0.646136  0.656779  0.666354  0.652478  0.658894  0.621963  0.639832  0.623758  0.606812  0.601453  0.616228  0.613933  0.647662  
0.452419  0.821893  0.804024  0.815254  0.793562  0.800043  0.770434  0.754032  0.757982  0.75575  0.727096  0.699728  0.696724  0.725554  0.688169  0.699484  0.659791  0.674195  0.663103  0.671487  0.646255  0.644059  0.613756  0.639386  0.619976  0.635953  0.59702  0.628853  0.613303  0.613911  
0.232228  0.750526  0.721843  0.701569  0.700576  0.669272  0.658372  0.658108  0.61439  0.652328  0.605567  0.623231  0.616649  0.576156  0.602346  0.565262  0.579584  0.563701  0.570383  0.562577  0.571009  0.578644  0.548642  0.516157  0.573999  0.521734  0.522162  0.517683  0.516783  0.549031  
0.979587  0.999993  0.998377  0.992128  0.994878  0.998234  0.993277  0.991083  0.998702  0.990371  0.972519  0.970927  0.998549  0.984697  0.976842  0.999962  0.998374  0.985986  0.983854  0.987659  0.994684  0.997904  0.999857  0.985565  0.99987  0.970601  0.978648  0.999836  0.987478  0.99842  
0.733296  0.96246  0.916007  0.935161  0.915737  0.888278  0.877947  0.887745  0.867982  0.88823  0.863803  0.856267  0.867125  0.843061  0.84547  0.846732  0.826041  0.808873  0.816658  0.824853  0.79773  0.80766  0.794887  0.783114  0.812169  0.765927  0.815659  0.742179  0.763038  0.789034  
0.133433  0.674377  0.657794  0.635906  0.645555  0.635898  0.584619  0.602375  0.58818  0.576977  0.583776  0.537169  0.539174  0.539942  0.541145  0.536575  0.527482  0.550486  0.548498  0.553087  0.514656  0.538476  0.502384  0.510543  0.532418  0.520648  0.507022  0.552057  0.522052  0.493199  
0.180969  0.722407  0.67493  0.657783  0.698565  0.633326  0.641595  0.623961  0.636948  0.590684  0.653641  0.578799  0.569212  0.571915  0.566742  0.545011  0.544909  0.54138  0.562309  0.520322  0.523869  0.506556  0.537852  0.526533  0.494781  0.487278  0.533732  0.526402  0.507158  0.505504  
0.791055  0.941501  0.921805  0.912671  0.941108  0.918151  0.912638  0.912985  0.911256  0.888637  0.906996  0.874289  0.91267  0.87058  0.876593  0.858231  0.850662  0.853477  0.855854  0.851842  0.829045  0.831038  0.821038  0.838106  0.847557  0.815077  0.812837  0.820201  0.808682  0.822758  
0.175946  0.690056  0.709219  0.64029  0.679907  0.628591  0.633227  0.611365  0.588405  0.591723  0.586434  0.574763  0.613611  0.574846  0.558621  0.535154  0.571516  0.528352  0.541866  0.526404  0.524002  0.528394  0.548811  0.525737  0.499221  0.480158  0.503915  0.49434  0.483902  0.500478  
0.680993  0.91622  0.89596  0.901306  0.894245  0.866856  0.863721  0.860084  0.843945  0.848312  0.844581  0.835081  0.845285  0.8213  0.822351  0.815054  0.795405  0.772356  0.7954  0.789078  0.771681  0.761048  0.762902  0.750342  0.767906  0.75621  0.76024  0.744504  0.741625  0.764234  
0.10148  0.6523  0.666414  0.615408  0.62311  0.582712  0.57424  0.564748  0.59643  0.57924  0.556593  0.537647  0.520193  0.577319  0.524495  0.542275  0.502625  0.530143  0.517387  0.537178  0.509672  0.523452  0.520958  0.499151  0.50317  0.510666  0.510443  0.53141  0.527856  0.483309  
0.868824  0.977658  0.953343  0.998198  0.924387  0.95132  0.961779  0.956948  0.91979  0.919596  0.929158  0.947076  0.932023  0.917742  0.935926  0.913199  0.91873  0.883468  0.906762  0.880555  0.882868  0.883562  0.868382  0.86729  0.888323  0.894205  0.885536  0.844619  0.863719  0.880151  
0.00817059  0.545323  0.535859  0.511156  0.490017  0.511623  0.546374  0.513717  0.489366  0.485559  0.506262  0.486146  0.53854  0.498705  0.535225  0.486759  0.516568  0.523991  0.476849  0.509797  0.505777  0.531033  0.483644  0.50166  0.469085  0.493495  0.515617  0.527454  0.563652  0.496991  
0.716184  0.894485  0.918842  0.929983  0.925671  0.892862  0.875426  0.904668  0.85036  0.876404  0.86  0.849693  0.85445  0.878077  0.844649  0.846712  0.81612  0.786482  0.80818  0.788354  0.778566  0.781405  0.783632  0.801297  0.783403  0.776467  0.764419  0.734444  0.79393  0.786818  
0.195968  0.722555  0.702996  0.674084  0.655198  0.638728  0.641992  0.64336  0.610628  0.623372  0.60207  0.594974  0.56529  0.587718  0.555447  0.570328  0.567807  0.585189  0.584144  0.549369  0.516244  0.581668  0.544832  0.507298  0.541063  0.524584  0.50264  0.509199  0.498297  0.534085  
0.107717  0.660373  0.623391  0.641676  0.648712  0.587614  0.593689  0.573549  0.552036  0.559538  0.554153  0.560221  0.562937  0.527727  0.548292  0.532618  0.523667  0.520957  0.542287  0.488427  0.499499  0.527948  0.493466  0.505857  0.518303  0.501791  0.50215  0.487939  0.543356  0.515907  
0.727961  0.946783  0.894901  0.911683  0.911159  0.884396  0.896681  0.877852  0.87005  0.865408  0.863658  0.829482  0.851348  0.859246  0.839476  0.84341  0.831262  0.824979  0.79616  0.824981  0.800913  0.832235  0.813945  0.772093  0.80042  0.825016  0.778043  0.798217  0.771864  0.752142  
0.0838072  0.635884  0.670249  0.597585  0.608756  0.57162  0.563141  0.553648  0.543511  0.58591  0.525433  0.534798  0.52265  0.547986  0.499775  0.535899  0.5017  0.510992  0.501624  0.516098  0.500851  0.510333  0.515423  0.479877  0.511574  0.525426  0.530454  0.515041  0.511369  0.518054  
0.441749  0.828176  0.816912  0.783308  0.79013  0.804474  0.764873  0.727697  0.74861  0.743909  0.734517  0.697322  0.726381  0.741693  0.684268  0.700269  0.650246  0.673416  0.656935  0.657521  0.629939  0.656439  0.610594  0.63531  0.635258  0.624097  0.596953  0.624315  0.609937  0.597645  
0.939687  0.999241  0.997047  0.989363  0.974163  0.999736  0.981465  0.969712  0.989036  0.98055  0.977624  0.974238  0.960794  0.961283  0.966597  0.982561  0.971818  0.970768  0.967941  0.967353  0.951227  0.940828  0.947203  0.950894  0.95958  0.941723  0.942469  0.939134  0.942586  0.94895  
0.676825  0.887593  0.903886  0.866474  0.892588  0.874756  0.868066  0.864718  0.855495  0.845645  0.848359  0.823639  0.858897  0.831609  0.805487  0.809858  0.784885  0.796412  0.810676  0.78405  0.771788  0.771813  0.75636  0.773166  0.779077  0.760806  0.756665  0.767845  0.769919  0.760766  
0.0209969  0.576529  0.546858  0.547126  0.520832  0.512611  0.549836  0.533096  0.488787  0.503093  0.51705  0.500343  0.543195  0.498184  0.533317  0.484422  0.512556  0.505699  0.469876  0.482166  0.493891  0.505363  0.489328  0.477279  0.45235  0.4779  0.506063  0.491828  0.543604  0.498896  
0.904127  0.985297  0.970484  0.96643  0.974302  0.980957  0.948908  0.96038  0.94966  0.963349  0.942186  0.9195  0.947514  0.960336  0.928623  0.927871  0.925627  0.960389  0.942371  0.9109  0.936893  0.905839  0.907264  0.924708  0.925222  0.928389  0.922153  0.909948  0.901971  0.924572  
0.543487  0.874276  0.848709  0.876867  0.834076  0.83765  0.792524  0.811755  0.796917  0.85321  0.779801  0.789974  0.759101  0.754529  0.736218  0.729423  0.687791  0.698368  0.708764  0.710157  0.673614  0.692328  0.659115  0.68288  0.673837  0.667302  0.624921  0.606522  0.644883  0.636308  
0.244122  0.771552  0.72674  0.711528  0.720171  0.662607  0.654965  0.661827  0.646935  0.652431  0.629331  0.619816  0.618511  0.595346  0.572544  0.585126  0.565347  0.554689  0.551054  0.567359  0.540108  0.562046  0.544234  0.537993  0.555462  0.508205  0.549021  0.511534  0.516019  0.509216  
0.0129325  0.547346  0.523748  0.570018  0.531416  0.548122  0.555676  0.525493  0.525389  0.493044  0.518678  0.487941  0.534176  0.50687  0.554285  0.49229  0.513787  0.528573  0.487662  0.497798  0.467734  0.519245  0.462545  0.503506  0.456207  0.501008  0.484373  0.493966  0.473203  0.520696  
0.105056  0.660423  0.62164  0.603819  0.614321  0.603917  0.626958  0.593562  0.54356  0.566709  0.544276  0.556694  0.569594  0.53379  0.539939  0.508298  0.511553  0.51468  0.498079  0.498665  0.475151  0.541712  0.493641  0.479176  0.494996  0.50609  0.487322  0.504856  0.515642  0.498762  
0.323971  0.778036  0.745567  0.737946  0.731977  0.713191  0.692513  0.685622  0.693879  0.666595  0.673399  0.64983  0.639478  0.63886  0.627293  0.620051  0.607805  0.602567  0.596401  0.606361  0.590311  0.628251  0.566214  0.587756  0.575824  0.579152  0.554513  0.577491  0.571741  0.543284  
0.150124  0.662099  0.687633  0.654035  0.656134  0.648271  0.605233  0.605396  0.599306  0.591207  0.578407  0.568103  0.568256  0.5465  0.555215  0.528343  0.559934  0.541948  0.533897  0.529835  0.521681  0.524618  0.518589  0.524319  0.493253  0.485921  0.482084  0.511034  0.481238  0.492955  
0.911813  0.964489  0.970182  0.976252  0.977248  0.958533  0.973955  0.986875  0.972233  0.934358  0.974424  0.960884  0.95047  0.970292  0.948478  0.91879  0.931514  0.970783  0.891489  0.916868  0.958914  0.917265  0.950906  0.930905  0.91938  0.938753  0.932224  0.908049  0.93505  0.895291  
0.872723  0.979754  0.958428  0.991068  0.966705  0.971041  0.964846  0.962484  0.93295  0.925428  0.933914  0.93747  0.931057  0.926589  0.930949  0.912769  0.915998  0.888618  0.908901  0.883598  0.895351  0.872802  0.872255  0.876671  0.88224  0.895401  0.880007  0.86126  0.867024  0.868705  
0.966236  0.991921  0.990601  0.985314  0.993407  0.999953  0.996046  0.998037  0.991638  0.977484  0.99493  0.987343  0.983732  0.995855  0.994062  0.991863  0.995621  0.99787  0.969659  0.971121  0.994933  0.98445  0.982215  0.972331  0.962665  0.994171  0.956056  0.997495  0.967838  0.98226  
0.0227822  0.582844  0.581046  0.578648  0.580583  0.542745  0.515755  0.519583  0.5059  0.534112  0.481225  0.502307  0.532806  0.509288  0.503152  0.491289  0.469593  0.501298  0.500532  0.500287  0.479326  0.491786  0.469596  0.47993  0.512311  0.507108  0.445395  0.490475  0.541878  0.500298  
0.387477  0.809111  0.79329  0.770334  0.775181  0.745194  0.726537  0.808891  0.716679  0.727989  0.669435  0.717317  0.717135  0.689966  0.666884  0.658941  0.629211  0.623132  0.632869  0.638173  0.648946  0.613723  0.628168  0.600012  0.609759  0.594483  0.585861  0.599062  0.605278  0.574966  
0.0756271  0.604324  0.646807  0.582546  0.58994  0.607184  0.563787  0.560753  0.544835  0.551704  0.524265  0.537731  0.558287  0.548146  0.491252  0.538549  0.520898  0.513389  0.525669  0.5099  0.500865  0.554337  0.472884  0.526583  0.507462  0.536836  0.493921  0.49746  0.519527  0.520318  
0.713639  0.909784  0.925191  0.907327  0.898092  0.909622  0.900571  0.912416  0.877943  0.869058  0.849038  0.85814  0.825246  0.859529  0.823661  0.814088  0.829716  0.821395  0.838218  0.791205  0.798237  0.788203  0.766596  0.803325  0.762068  0.779784  0.725984  0.766392  0.754953  0.742623  
0.185695  0.687876  0.693326  0.673656  0.666428  0.648085  0.634523  0.617284  0.620263  0.614581  0.597597  0.590622  0.599558  0.574531  0.57316  0.550484  0.571114  0.555418  0.528872  0.543874  0.580513  0.545016  0.533567  0.536693  0.510746  0.504629  0.513217  0.526154  0.502931  0.507454  
0.340596  0.813454  0.775831  0.763644  0.766533  0.75442  0.687799  0.726363  0.686812  0.688603  0.677428  0.667167  0.64981  0.624809  0.633534  0.620544  0.63395  0.591724  0.638283  0.620098  0.594367  0.607022  0.595438  0.581584  0.584134  0.595852  0.551733  0.570403  0.538964  0.542031  
0.0863134  0.634237  0.648657  0.581489  0.635907  0.594612  0.57086  0.541697  0.552095  0.581623  0.535689  0.534916  0.542798  0.534279  0.503711  0.5062  0.533201  0.519428  0.494607  0.489249  0.488214  0.491271  0.506326  0.479508  0.498199  0.494262  0.478862  0.498638  0.490462  0.508578  
0.142258  0.672498  0.647432  0.652092  0.669638  0.626323  0.613731  0.599281  0.591393  0.578793  0.575881  0.565899  0.575562  0.556594  0.560843  0.541987  0.541168  0.537958  0.550004  0.511242  0.51194  0.522334  0.5126  0.515164  0.519366  0.506179  0.488907  0.497409  0.542093  0.515416  
0.704849  0.907376  0.90078  0.888423  0.880759  0.904519  0.877838  0.878663  0.872758  0.853359  0.851078  0.847315  0.850469  0.821937  0.823783  0.819432  0.841106  0.787441  0.813304  0.769553  0.792401  0.805766  0.773353  0.770528  0.756658  0.773697  0.781026  0.776792  0.767282  0.741997  
0.26558  0.757862  0.737822  0.727738  0.701991  0.687095  0.652476  0.689731  0.666812  0.631314  0.651237  0.65843  0.602517  0.588357  0.613778  0.580619  0.579189  0.5427  0.576539  0.559825  0.565774  0.556595  0.535814  0.576154  0.555044  0.5311  0.561525  0.545761  0.555494  0.542039  
0.0894543  0.626835  0.58479  0.610995  0.621252  0.605953  0.600155  0.565598  0.562523  0.540467  0.551954  0.524403  0.575708  0.533297  0.566949  0.519211  0.511031  0.544519  0.524786  0.480742  0.524498  0.486971  0.514359  0.52868  0.474359  0.504688  0.488259  0.52042  0.52924  0.49765  
0.539874  0.833935  0.855822  0.8642  0.831131  0.820355  0.814802  0.827143  0.770856  0.781289  0.769943  0.785568  0.765934  0.722912  0.748754  0.707169  0.733907  0.706678  0.731966  0.726932  0.693829  0.700703  0.682423  0.67116  0.675988  0.678354  0.624336  0.662847  0.637308  0.621701  
0.970707  0.998154  0.997861  0.997431  0.995984  0.998672  0.999621  0.99258  0.999892  0.98531  0.99615  0.997807  0.990917  0.999978  0.98854  0.995517  0.958903  0.993982  0.97939  0.994493  0.980595  0.978428  0.972658  0.972952  0.959671  0.999434  0.97143  0.971175  0.982782  0.972831  
0.145794  0.706775  0.676838  0.675064  0.631886  0.628215  0.60822  0.571745  0.59325  0.583482  0.58191  0.584113  0.540436  0.56416  0.525511  0.528584  0.53548  0.510449  0.531884  0.560437  0.531369  0.527355  0.548297  0.529019  0.510787  0.506894  0.525882  0.480536  0.499076  0.4577  
0.399035  0.806834  0.788819  0.771305  0.771855  0.76647  0.748421  0.738062  0.729962  0.730422  0.683772  0.662638  0.68602  0.684612  0.672803  0.674368  0.638503  0.627828  0.635106  0.649297  0.606723  0.624675  0.613384  0.602566  0.606908  0.591016  0.598898  0.593235  0.61896  0.606434  
0.294122  0.772033  0.728184  0.742108  0.73252  0.707966  0.670657  0.696878  0.664096  0.655203  0.680218  0.661669  0.653908  0.618826  0.619306  0.597786  0.6118  0.586513  0.598901  0.590013  0.578385  0.570277  0.570486  0.572563  0.582146  0.556621  0.57098  0.560621  0.5526  0.548518  
0.617656  0.892261  0.858369  0.868788  0.867731  0.874003  0.835794  0.84145  0.83918  0.841223  0.82671  0.779487  0.770754  0.793546  0.777035  0.765133  0.787049  0.784033  0.780879  0.764949  0.751766  0.728379  0.710738  0.738523  0.72598  0.718027  0.7181  0.740841  0.692053  0.716973  
0.490223  0.850544  0.816553  0.838538  0.818936  0.822475  0.780076  0.791975  0.768322  0.768031  0.748836  0.743654  0.732553  0.724469  0.706853  0.701996  0.692192  0.695704  0.690239  0.69432  0.650467  0.667844  0.647342  0.654237  0.634628  0.645569  0.596268  0.61321  0.621703  0.61369  
0.145061  0.672693  0.647457  0.656073  0.671453  0.626709  0.615779  0.599687  0.572356  0.579938  0.575885  0.567704  0.579232  0.558207  0.561605  0.542416  0.541983  0.543846  0.551076  0.521927  0.517849  0.530404  0.515122  0.515507  0.520139  0.520694  0.51566  0.500267  0.542802  0.51615  
0.376289  0.769316  0.761501  0.778469  0.764007  0.753895  0.742007  0.708219  0.709183  0.716245  0.680464  0.665365  0.671006  0.696256  0.660638  0.668776  0.634567  0.652884  0.639217  0.640699  0.62176  0.625517  0.569094  0.615718  0.596948  0.622972  0.571502  0.575562  0.539199  0.598082  
0.168432  0.72439  0.71593  0.668068  0.667855  0.641934  0.624835  0.6027  0.597872  0.612209  0.560046  0.591822  0.558618  0.5609  0.588302  0.555015  0.536048  0.542091  0.529238  0.533705  0.539014  0.518039  0.539053  0.497372  0.510106  0.519156  0.484554  0.504797  0.501149  0.519661  
0.471527  0.853553  0.829286  0.843784  0.815699  0.825714  0.77419  0.795062  0.769287  0.75063  0.750131  0.735073  0.689234  0.707074  0.743967  0.707634  0.685782  0.68933  0.679867  0.639743  0.685238  0.629145  0.634208  0.642284  0.620834  0.608364  0.609861  0.622446  0.612838  0.618252  
0.228973  0.730818  0.728771  0.715235  0.711344  0.692632  0.621929  0.643837  0.655332  0.647559  0.613144  0.612545  0.588718  0.590608  0.58888  0.605324  0.576983  0.555687  0.577987  0.570283  0.553595  0.560268  0.543516  0.547152  0.543423  0.543347  0.504774  0.540459  0.526287  0.512167  
0.65587  0.90304  0.857327  0.887733  0.89744  0.90272  0.886667  0.844272  0.850063  0.839241  0.855463  0.792414  0.824124  0.80976  0.802618  0.791643  0.781156  0.797744  0.763655  0.790302  0.76248  0.782828  0.721946  0.749968  0.767158  0.745935  0.736851  0.747253  0.713093  0.718747  
0.883697  0.963723  0.959569  0.988209  0.952923  0.974747  0.950444  0.967314  0.958069  0.960665  0.947818  0.940934  0.939824  0.933761  0.911648  0.937265  0.921736  0.919319  0.941083  0.948188  0.903156  0.907025  0.906549  0.897658  0.910838  0.896439  0.887539  0.87213  0.894965  0.861292  
0.860941  0.975897  0.99205  0.938948  0.974744  0.943133  0.941238  0.950678  0.940949  0.974888  0.908503  0.946547  0.94015  0.948578  0.928742  0.915223  0.911384  0.883555  0.901959  0.932125  0.898014  0.910283  0.901086  0.894156  0.878056  0.840041  0.887189  0.852087  0.890378  0.880618  
0.460456  0.807478  0.842076  0.834631  0.808495  0.778164  0.771827  0.785648  0.748609  0.745617  0.735363  0.722004  0.717684  0.736505  0.709485  0.696658  0.659229  0.641064  0.677374  0.654845  0.632315  0.633445  0.625063  0.636247  0.629318  0.625169  0.623871  0.605444  0.605606  0.614733  
0.576934  0.871113  0.869617  0.846503  0.832444  0.837439  0.838568  0.827388  0.797329  0.799595  0.768848  0.823193  0.810207  0.782608  0.747726  0.740827  0.73812  0.720856  0.735246  0.706303  0.728246  0.733248  0.711244  0.682533  0.691205  0.711079  0.692297  0.669415  0.672226  0.681613  
0.0538002  0.602547  0.626501  0.594778  0.573512  0.589908  0.5383  0.535441  0.548677  0.523119  0.548146  0.507944  0.521809  0.506503  0.527692  0.502367  0.516539  0.527662  0.534197  0.516065  0.477836  0.533606  0.469811  0.511391  0.500758  0.487661  0.479855  0.507839  0.485338  0.508128  
0.962112  0.990553  0.997448  0.993928  0.992705  0.981787  0.99036  0.980267  0.994368  0.9809  0.966241  0.994464  0.970794  0.981333  0.96885  0.973066  0.989969  0.983736  0.971959  0.98706  0.982833  0.980413  0.979925  0.984986  0.977611  0.975816  0.986094  0.972689  0.983245  0.952175  
0.467954  0.855476  0.823523  0.829508  0.793553  0.788764  0.749692  0.780348  0.737142  0.750661  0.75271  0.740377  0.721599  0.705531  0.693634  0.68363  0.669937  0.657377  0.662876  0.662746  0.646537  0.623801  0.641726  0.631647  0.639263  0.6099  0.652605  0.619316  0.617243  0.617157  
0.813061  0.967176  0.946836  0.9619  0.94111  0.922598  0.942767  0.950752  0.926911  0.893326  0.932191  0.899337  0.899976  0.906583  0.896251  0.873852  0.858479  0.861055  0.844411  0.844907  0.870245  0.831936  0.848865  0.836257  0.827029  0.84008  0.845869  0.815466  0.810908  0.807852  
0.337268  0.786328  0.749898  0.751066  0.754768  0.725904  0.696977  0.674903  0.702648  0.656702  0.67517  0.6692  0.66569  0.650879  0.657235  0.608983  0.610942  0.590771  0.604474  0.60281  0.615656  0.581207  0.554791  0.586665  0.569044  0.576094  0.546349  0.573768  0.57201  0.568488  
0.708856  0.903768  0.906414  0.914227  0.888542  0.917503  0.881488  0.886444  0.883663  0.863832  0.849577  0.850972  0.84205  0.835006  0.818701  0.83069  0.830885  0.800613  0.821892  0.822876  0.780944  0.796571  0.769293  0.772194  0.777556  0.783804  0.757767  0.757815  0.765842  0.734614  
0.818834  0.975812  0.93931  0.979577  0.970603  0.923522  0.924305  0.947357  0.916811  0.94172  0.903125  0.919302  0.889219  0.922813  0.891032  0.896177  0.904136  0.860402  0.866537  0.853466  0.847044  0.877626  0.852689  0.834576  0.835173  0.838368  0.839039  0.812716  0.826167  0.81018  
0.0446821  0.602924  0.638784  0.582845  0.546271  0.530874  0.497372  0.512567  0.495446  0.53355  0.509443  0.508952  0.543386  0.535754  0.509312  0.505995  0.47177  0.518469  0.542884  0.496391  0.51333  0.507603  0.517401  0.480413  0.510564  0.495372  0.501293  0.503373  0.498119  0.483402  
0.201587  0.73438  0.676674  0.699518  0.655297  0.674392  0.680414  0.597782  0.632343  0.592234  0.603974  0.636548  0.59708  0.577982  0.572959  0.553327  0.541983  0.542782  0.539018  0.527167  0.553376  0.548588  0.505415  0.560935  0.529998  0.541956  0.510545  0.515715  0.541306  0.515496  
0.405443  0.817831  0.786306  0.768578  0.812222  0.742336  0.743065  0.755408  0.727121  0.724421  0.716939  0.684695  0.730346  0.683337  0.691062  0.652382  0.669177  0.63654  0.637959  0.645723  0.593319  0.64249  0.639191  0.632605  0.605228  0.582823  0.569516  0.600502  0.598319  0.577985  
0.263363  0.734687  0.752749  0.721543  0.681561  0.679103  0.676821  0.676959  0.649902  0.654406  0.617762  0.647946  0.589762  0.623805  0.624849  0.618005  0.573082  0.577791  0.570994  0.547306  0.572458  0.536815  0.579149  0.551131  0.52393  0.54486  0.541155  0.533973  0.543485  0.541008  
0.156952  0.701881  0.672496  0.653892  0.685286  0.640547  0.6231  0.621764  0.598923  0.619056  0.578242  0.57464  0.589906  0.558978  0.536392  0.552021  0.5355  0.540982  0.545983  0.496776  0.52266  0.516151  0.529955  0.537931  0.483432  0.482744  0.509192  0.495872  0.536726  0.495401  
0.0822088  0.633573  0.572113  0.621612  0.593219  0.563022  0.586632  0.589362  0.537381  0.531527  0.543732  0.559674  0.556135  0.515722  0.557886  0.506068  0.528093  0.521737  0.522142  0.509127  0.495603  0.528662  0.50912  0.496467  0.470066  0.508704  0.495722  0.495197  0.53682  0.50757  
0.0142031  0.571124  0.548332  0.542394  0.522186  0.533221  0.545  0.532218  0.491604  0.497656  0.490201  0.500135  0.537289  0.495464  0.524841  0.481038  0.505382  0.513692  0.480604  0.494945  0.485716  0.511204  0.4869  0.476915  0.447796  0.479553  0.483441  0.490062  0.542278  0.486679  
0.598275  0.880562  0.860729  0.890904  0.886557  0.848166  0.83538  0.82681  0.806186  0.797287  0.809139  0.79244  0.818961  0.790141  0.732211  0.750232  0.754823  0.739831  0.752874  0.720605  0.734553  0.717528  0.692987  0.70273  0.707665  0.690453  0.691825  0.688928  0.686317  0.682873  
0.888566  0.964669  0.954459  0.957823  0.960283  0.95885  0.970073  0.955273  0.95589  0.952417  0.950036  0.971443  0.948758  0.955065  0.944339  0.929659  0.915878  0.8963  0.923718  0.930359  0.906498  0.920724  0.908661  0.912093  0.894379  0.884237  0.907423  0.88809  0.920692  0.911164  
0.160566  0.695396  0.669192  0.656895  0.657963  0.649277  0.594974  0.611416  0.591154  0.58357  0.59007  0.564778  0.561076  0.554403  0.563262  0.559431  0.538908  0.535977  0.552552  0.545769  0.52101  0.525276  0.508884  0.509556  0.535166  0.538312  0.525909  0.532665  0.529876  0.519033  
0.697508  0.908136  0.900538  0.889505  0.890281  0.888005  0.872316  0.897225  0.871807  0.85456  0.843805  0.844657  0.806859  0.842419  0.821188  0.805832  0.820633  0.816263  0.842628  0.787285  0.786143  0.789261  0.762416  0.78679  0.765191  0.768485  0.743902  0.778241  0.754892  0.746184  
0.333358  0.762763  0.758797  0.764231  0.729865  0.746766  0.70612  0.700808  0.694572  0.674193  0.676167  0.660286  0.637914  0.635023  0.638142  0.623005  0.618566  0.605583  0.606207  0.619683  0.602809  0.615866  0.553913  0.582301  0.574656  0.582011  0.550173  0.587231  0.542483  0.523229  
0.170858  0.713153  0.668035  0.665227  0.695497  0.640412  0.634995  0.614348  0.607735  0.608927  0.586442  0.582333  0.600674  0.573123  0.554038  0.556033  0.537134  0.533359  0.547844  0.501648  0.537192  0.518212  0.522138  0.538343  0.51766  0.49796  0.512091  0.50096  0.54695  0.501023  
0.235985  0.744361  0.717833  0.706204  0.69905  0.683497  0.641809  0.66666  0.658604  0.648019  0.627137  0.608728  0.594991  0.590114  0.593786  0.570449  0.584188  0.602312  0.597952  0.584741  0.556779  0.568776  0.529785  0.572884  0.55698  0.526235  0.503956  0.539832  0.516529  0.541138  
0.210353  0.74986  0.74539  0.701289  0.70809  0.662412  0.652686  0.636072  0.638011  0.635893  0.595411  0.610955  0.586889  0.589928  0.615357  0.573407  0.580732  0.561186  0.574906  0.574301  0.556903  0.571928  0.580216  0.532947  0.540202  0.550435  0.495976  0.535754  0.523424  0.522107  
0.0458496  0.600984  0.629128  0.55774  0.563916  0.572844  0.54785  0.539241  0.540007  0.540328  0.49485  0.536399  0.525779  0.529297  0.489846  0.524569  0.497457  0.505897  0.514824  0.486427  0.493481  0.515388  0.477095  0.504473  0.481252  0.507922  0.484917  0.488623  0.508438  0.512273  
0.352129  0.794167  0.770843  0.760589  0.76035  0.745574  0.696769  0.724806  0.711475  0.716771  0.689413  0.669326  0.660705  0.649078  0.621531  0.610958  0.621178  0.614339  0.605014  0.61579  0.590872  0.606392  0.563216  0.6021  0.582368  0.541767  0.554348  0.570878  0.55186  0.565137  
0.320474  0.773827  0.764209  0.728867  0.749848  0.7059  0.698387  0.690685  0.68715  0.684089  0.660019  0.674757  0.679374  0.635082  0.636144  0.630134  0.618854  0.587768  0.588179  0.597655  0.590706  0.598044  0.591435  0.585562  0.580461  0.552148  0.5689  0.57756  0.569972  0.5583  
0.800982  0.948558  0.923838  0.949722  0.952501  0.946056  0.931072  0.930251  0.916813  0.920957  0.93289  0.873393  0.884989  0.907108  0.876071  0.866185  0.864579  0.884001  0.859772  0.84321  0.84302  0.848339  0.81884  0.847222  0.854278  0.825656  0.816093  0.812662  0.828825  0.826622  
0.192858  0.702653  0.682071  0.68969  0.680946  0.655338  0.633751  0.650839  0.601915  0.610772  0.631853  0.617762  0.608451  0.5773  0.561389  0.552842  0.567183  0.541694  0.55003  0.542263  0.544525  0.532438  0.507018  0.531237  0.54832  0.524386  0.535001  0.537626  0.536447  0.509034  
0.0515533  0.605695  0.582437  0.577308  0.568768  0.581252  0.538287  0.548471  0.529761  0.506234  0.532387  0.503229  0.521396  0.514058  0.524509  0.517319  0.501807  0.510972  0.507662  0.511953  0.478364  0.491556  0.478013  0.489935  0.472064  0.517221  0.506548  0.518854  0.542624  0.487857  
0.0799495  0.649415  0.623897  0.625027  0.636365  0.607057  0.589104  0.571475  0.574557  0.545419  0.548035  0.547029  0.546751  0.522574  0.542191  0.522529  0.536089  0.510935  0.545555  0.510406  0.499878  0.531141  0.49366  0.49506  0.511175  0.507008  0.4672  0.479538  0.482891  0.497828  
0.240203  0.750362  0.711552  0.721306  0.679545  0.671517  0.660487  0.645467  0.664351  0.61458  0.608632  0.638135  0.595733  0.582046  0.592086  0.580241  0.563803  0.553224  0.56503  0.572564  0.549347  0.579462  0.544247  0.528796  0.526182  0.544934  0.528822  0.524575  0.513552  0.498055  
0.935293  0.966622  0.960381  0.993589  0.979842  0.962247  0.979342  0.982845  0.945647  0.96321  0.977187  0.994393  0.961527  0.977792  0.957844  0.9496  0.943458  0.955451  0.966956  0.933776  0.946847  0.930173  0.923009  0.945162  0.943398  0.953664  0.920839  0.909786  0.926985  0.945395  
0.1989  0.706679  0.686977  0.683261  0.692561  0.635111  0.641472  0.636645  0.587494  0.605883  0.589001  0.593166  0.615101  0.587629  0.587477  0.558283  0.570027  0.555475  0.582587  0.5625  0.52231  0.578728  0.541155  0.521034  0.538862  0.528595  0.510983  0.501253  0.533958  0.472819  
0.722443  0.914577  0.903465  0.923691  0.885835  0.876282  0.891161  0.888201  0.878029  0.874706  0.903274  0.851389  0.853863  0.840445  0.835654  0.837458  0.845233  0.784627  0.800436  0.797319  0.797294  0.784887  0.774149  0.772921  0.786665  0.780499  0.80301  0.761347  0.768496  0.759047  
0.536916  0.887782  0.851133  0.861781  0.839607  0.814896  0.793224  0.803913  0.776379  0.789907  0.760365  0.755963  0.754288  0.736699  0.733289  0.735837  0.708437  0.686573  0.704138  0.716719  0.684451  0.681166  0.669902  0.658007  0.692968  0.654067  0.682194  0.633711  0.636818  0.65987  
0.361791  0.808083  0.765177  0.765059  0.76179  0.725371  0.705676  0.705166  0.702996  0.6994  0.675199  0.653245  0.656388  0.667477  0.661837  0.63664  0.640268  0.643764  0.630067  0.637372  0.582276  0.651231  0.631889  0.595829  0.591583  0.595556  0.555399  0.577808  0.562941  0.545339  
0.1828  0.714062  0.69306  0.674759  0.675969  0.662186  0.640673  0.608819  0.613416  0.612646  0.578856  0.606682  0.589081  0.570784  0.568529  0.538444  0.553873  0.54889  0.538632  0.542267  0.545928  0.516428  0.521143  0.532692  0.527466  0.53192  0.477397  0.516438  0.507213  0.514951  
0.643618  0.885086  0.896776  0.882617  0.839209  0.845818  0.839253  0.869618  0.816748  0.832766  0.803902  0.816507  0.790829  0.8151  0.79116  0.810504  0.778074  0.772966  0.795051  0.773707  0.768801  0.76202  0.754976  0.743745  0.748019  0.749201  0.756426  0.733533  0.723998  0.741401  
0.62873  0.871843  0.90007  0.85943  0.849172  0.858303  0.831928  0.847188  0.839417  0.838784  0.778568  0.794672  0.790811  0.785672  0.7937  0.809363  0.793536  0.766259  0.769203  0.763285  0.729264  0.77029  0.747592  0.734318  0.722061  0.738209  0.737452  0.727814  0.70772  0.71899  
0.0956005  0.655915  0.67419  0.627351  0.632406  0.58734  0.582217  0.577263  0.572131  0.58983  0.547807  0.526989  0.52473  0.563747  0.522423  0.531132  0.505069  0.531047  0.526415  0.53213  0.509676  0.501091  0.51487  0.492211  0.509286  0.500338  0.499299  0.517913  0.512789  0.487929  
0.174008  0.675099  0.723154  0.672268  0.6572  0.681173  0.623086  0.626451  0.614842  0.60752  0.590733  0.580123  0.577566  0.561708  0.558516  0.545106  0.56748  0.543146  0.530225  0.545676  0.535356  0.520997  0.51965  0.537878  0.497643  0.506029  0.469291  0.515384  0.474837  0.490836  
0.0934007  0.621901  0.625186  0.588522  0.60374  0.581857  0.555325  0.558793  0.521955  0.56281  0.532431  0.522658  0.53883  0.529196  0.505743  0.519153  0.514727  0.520112  0.539034  0.51562  0.479738  0.48931  0.505733  0.518318  0.539006  0.524258  0.521598  0.511693  0.501095  0.52438  
0.380597  0.815337  0.770207  0.767639  0.754935  0.725802  0.731768  0.713511  0.726938  0.723708  0.697149  0.698851  0.706758  0.678651  0.657833  0.645239  0.630034  0.632959  0.590702  0.621142  0.633192  0.617879  0.600382  0.61059  0.602656  0.583077  0.602818  0.593832  0.594948  0.586241  
0.764296  0.910227  0.901871  0.898309  0.909075  0.909448  0.90065  0.877256  0.887452  0.853213  0.888013  0.860582  0.875619  0.80772  0.870526  0.861914  0.846692  0.828856  0.832929  0.843786  0.808396  0.839806  0.811775  0.801485  0.826649  0.809908  0.830752  0.808361  0.784158  0.812475  
0.474334  0.798389  0.808731  0.823601  0.804566  0.785833  0.768242  0.790824  0.747004  0.765116  0.742805  0.71259  0.714479  0.7207  0.723841  0.708855  0.697475  0.666382  0.686874  0.682364  0.634576  0.66024  0.642775  0.643909  0.639932  0.653013  0.628322  0.64847  0.618405  0.622267  
0.0927043  0.667016  0.623789  0.631685  0.664711  0.597073  0.579507  0.566287  0.56737  0.567609  0.543407  0.535149  0.526727  0.511478  0.5321  0.517958  0.501794  0.531356  0.53786  0.505986  0.543051  0.50323  0.490092  0.513669  0.52534  0.482765  0.466983  0.496068  0.541576  0.527248  
0.277989  0.725907  0.721182  0.723062  0.706234  0.703189  0.680376  0.683458  0.661187  0.651953  0.646248  0.646428  0.637258  0.611888  0.59872  0.584317  0.595791  0.60182  0.607634  0.598471  0.57831  0.582736  0.542357  0.579061  0.583198  0.578691  0.528774  0.576549  0.567061  0.544854  
0.372496  0.810108  0.806267  0.773695  0.749922  0.774432  0.719533  0.714543  0.728125  0.693163  0.672812  0.69465  0.667643  0.658303  0.656499  0.639874  0.64336  0.590203  0.602532  0.633875  0.633792  0.595995  0.582824  0.588225  0.57592  0.580558  0.577377  0.590779  0.581304  0.594286  
0.061727  0.634901  0.607864  0.611184  0.632447  0.588726  0.564415  0.557737  0.544552  0.546185  0.534598  0.51146  0.5351  0.518408  0.527065  0.50655  0.502224  0.517222  0.532189  0.482729  0.525305  0.485645  0.481909  0.497306  0.503054  0.482787  0.471511  0.492672  0.527086  0.494735  
0.364999  0.794301  0.760573  0.762128  0.767936  0.74507  0.725967  0.721834  0.710299  0.716177  0.680532  0.689032  0.681582  0.667096  0.648566  0.630765  0.63833  0.681833  0.623058  0.617812  0.59903  0.613185  0.605714  0.596362  0.569067  0.585209  0.53886  0.567135  0.573452  0.58276  
0.669485  0.932277  0.919582  0.890164  0.86717  0.878894  0.87703  0.863744  0.847599  0.848265  0.829447  0.79472  0.81334  0.801238  0.828847  0.793465  0.776797  0.788754  0.805168  0.814967  0.785446  0.780251  0.743742  0.750566  0.75942  0.734063  0.735543  0.780316  0.709225  0.721181  
0.723884  0.922462  0.91012  0.898712  0.913672  0.883261  0.897083  0.87457  0.88437  0.852123  0.868299  0.849849  0.845138  0.826677  0.843519  0.824079  0.820025  0.81325  0.807456  0.814883  0.805526  0.789647  0.782853  0.773495  0.778195  0.781837  0.764458  0.794011  0.764479  0.807789  
0.318306  0.7952  0.757985  0.741868  0.756545  0.722415  0.706389  0.704439  0.702334  0.681472  0.660791  0.663862  0.672451  0.633588  0.643192  0.613359  0.602859  0.59104  0.593196  0.611495  0.57905  0.59216  0.569463  0.58909  0.572942  0.549097  0.53811  0.557845  0.554692  0.540241  
0.845012  0.962039  0.968899  0.949711  0.924356  0.929937  0.927539  0.958799  0.921743  0.929799  0.913253  0.925708  0.908081  0.93158  0.875417  0.9161  0.886325  0.869073  0.892018  0.880355  0.891504  0.873857  0.86033  0.87288  0.859811  0.8615  0.870888  0.867612  0.839324  0.864011  
0.621039  0.872274  0.908527  0.870752  0.87386  0.868987  0.833507  0.843194  0.828036  0.843859  0.794987  0.804147  0.807443  0.78502  0.806323  0.796185  0.774759  0.739471  0.751814  0.764983  0.711147  0.717821  0.723681  0.721539  0.718199  0.725676  0.713252  0.731657  0.696737  0.723984  
0.0412811  0.591936  0.627613  0.567939  0.530302  0.536154  0.49984  0.513899  0.48969  0.529055  0.514579  0.524193  0.556321  0.546089  0.498511  0.497375  0.474214  0.514746  0.533319  0.493651  0.496304  0.521068  0.518127  0.471036  0.510968  0.500836  0.500458  0.502393  0.508275  0.493105  
0.347529  0.778862  0.778141  0.773257  0.747803  0.708508  0.713976  0.743348  0.684543  0.680265  0.663854  0.669582  0.655339  0.63886  0.675308  0.634741  0.637778  0.639432  0.642356  0.633866  0.598879  0.616148  0.596427  0.591856  0.594577  0.595768  0.561137  0.5629  0.547682  0.561147  
0.600167  0.88463  0.856952  0.888549  0.841049  0.867705  0.851524  0.838659  0.820742  0.835083  0.805419  0.767235  0.753829  0.798028  0.767585  0.786737  0.739787  0.758613  0.739514  0.770681  0.712822  0.732858  0.69788  0.707224  0.698242  0.707433  0.687059  0.70155  0.675298  0.676723  
0.804142  0.9299  0.927928  0.939497  0.983622  0.939201  0.93521  0.93073  0.926741  0.880633  0.922906  0.894914  0.907494  0.889509  0.878422  0.849612  0.878303  0.877917  0.875392  0.860347  0.844052  0.832249  0.836584  0.844849  0.84355  0.825984  0.821937  0.829554  0.846652  0.827427  
0.0677773  0.601638  0.587068  0.582556  0.606758  0.551379  0.562498  0.555742  0.53585  0.550313  0.536444  0.517622  0.542438  0.553173  0.504216  0.525733  0.501801  0.498573  0.517788  0.476447  0.499779  0.479525  0.504616  0.509205  0.504145  0.505865  0.49492  0.534434  0.558687  0.522383  
0.414169  0.804527  0.776831  0.783769  0.782382  0.766669  0.725638  0.7261  0.732967  0.726834  0.712606  0.687706  0.680485  0.685086  0.67145  0.65555  0.649325  0.675658  0.668515  0.650724  0.633401  0.649888  0.60994  0.632877  0.615532  0.615041  0.586012  0.621176  0.608539  0.614596  
0.464278  0.843795  0.81272  0.809266  0.795134  0.775876  0.757126  0.768854  0.740685  0.745715  0.739567  0.737985  0.721633  0.716517  0.709561  0.68578  0.673301  0.656581  0.666528  0.662131  0.654924  0.688146  0.659529  0.629227  0.641132  0.623745  0.658466  0.630097  0.619516  0.625661  
0.863357  0.976532  0.941781  0.94758  0.956782  0.938413  0.953822  0.931147  0.935242  0.93996  0.920793  0.901174  0.922691  0.945993  0.915412  0.932891  0.912517  0.915071  0.894795  0.920369  0.89734  0.906557  0.908524  0.881194  0.895286  0.929472  0.878381  0.89832  0.893918  0.877836  
0.329337  0.790687  0.775341  0.751744  0.761001  0.756868  0.699034  0.702521  0.693424  0.680691  0.653173  0.655398  0.637893  0.612618  0.623934  0.61445  0.623758  0.557133  0.616461  0.619731  0.585187  0.624874  0.557665  0.564911  0.574515  0.573442  0.537068  0.562236  0.521338  0.519726  
0.0170751  0.593286  0.557894  0.557763  0.554445  0.570869  0.519893  0.531653  0.519183  0.49437  0.516508  0.477307  0.505787  0.499936  0.495358  0.494284  0.487722  0.508134  0.509913  0.51362  0.462703  0.492945  0.443069  0.494317  0.474138  0.509012  0.492717  0.507662  0.529969  0.48084  
0.0429043  0.598925  0.606031  0.599426  0.610578  0.56868  0.547059  0.555645  0.540651  0.534985  0.542591  0.516212  0.529298  0.516976  0.517098  0.492205  0.503363  0.516675  0.514617  0.487142  0.484876  0.488628  0.472143  0.493189  0.494003  0.491311  0.42991  0.477216  0.507497  0.505631  
0.632763  0.911802  0.855753  0.897655  0.849743  0.861228  0.859157  0.844156  0.828168  0.815369  0.831817  0.804213  0.7799  0.795828  0.816065  0.783488  0.770933  0.759609  0.757296  0.801197  0.748792  0.758804  0.72304  0.722341  0.725576  0.719056  0.726426  0.719162  0.695999  0.694114  
0.327309  0.800299  0.788117  0.749743  0.767504  0.714295  0.721389  0.704049  0.706751  0.711776  0.660274  0.672537  0.669747  0.644739  0.621316  0.613817  0.620998  0.586956  0.574494  0.606402  0.584942  0.603453  0.576606  0.577352  0.575317  0.521488  0.558592  0.536782  0.543821  0.558761  
0.0989284  0.687615  0.613404  0.617248  0.63538  0.632631  0.569901  0.578132  0.571456  0.548021  0.5724  0.526497  0.551497  0.5155  0.503816  0.506766  0.506712  0.533026  0.536999  0.52458  0.489077  0.499232  0.476921  0.521346  0.495496  0.504755  0.512345  0.504121  0.52974  0.469631  
0.189392  0.699403  0.662355  0.658587  0.664978  0.648845  0.611607  0.63628  0.587859  0.602719  0.610926  0.577641  0.590889  0.584032  0.575638  0.552056  0.549358  0.561162  0.555603  0.555745  0.527216  0.5662  0.532697  0.526356  0.534562  0.526887  0.557865  0.545468  0.551855  0.53736  
0.0352708  0.584936  0.637868  0.576966  0.535337  0.520851  0.488693  0.511522  0.493495  0.527951  0.513439  0.511328  0.540485  0.535038  0.504329  0.498822  0.47234  0.518195  0.534098  0.498598  0.493116  0.509095  0.512518  0.478354  0.506039  0.499634  0.480493  0.495645  0.488324  0.488849  
0.422751  0.815947  0.7869  0.781503  0.805836  0.773426  0.749739  0.759478  0.735327  0.746034  0.707893  0.719099  0.713186  0.701469  0.679584  0.658684  0.687626  0.710546  0.662011  0.665333  0.628598  0.65571  0.639585  0.637319  0.613463  0.612122  0.584741  0.59896  0.615065  0.616536  
0.480518  0.864668  0.813408  0.827897  0.809381  0.808445  0.754186  0.775536  0.78555  0.740814  0.742979  0.73424  0.728173  0.694939  0.714555  0.674205  0.685025  0.691458  0.705378  0.69397  0.64603  0.658413  0.669291  0.661713  0.650849  0.643161  0.600731  0.622539  0.599367  0.623822  
0.13772  0.70779  0.666693  0.647992  0.633978  0.604952  0.615441  0.588433  0.571256  0.585185  0.543014  0.573024  0.548119  0.534559  0.605097  0.52626  0.52829  0.542242  0.506705  0.526228  0.53144  0.496473  0.546061  0.472538  0.480273  0.490515  0.479313  0.501098  0.512524  0.502842  
0.249209  0.745603  0.720715  0.687231  0.695105  0.670253  0.651023  0.666663  0.626313  0.640399  0.622743  0.618838  0.624654  0.579041  0.604488  0.564877  0.603544  0.540994  0.557899  0.577482  0.563059  0.575844  0.559181  0.539017  0.529264  0.530584  0.538506  0.548003  0.540266  0.527038  
0.513333  0.873604  0.823099  0.859025  0.820831  0.826351  0.797002  0.791702  0.782405  0.778211  0.768562  0.73159  0.717485  0.725883  0.733599  0.720013  0.687441  0.68645  0.680948  0.713262  0.672127  0.686327  0.628279  0.653237  0.658275  0.656469  0.632148  0.651028  0.615504  0.605044  
0.566847  0.88207  0.858624  0.859121  0.814758  0.82493  0.810933  0.796801  0.824835  0.780363  0.773789  0.797995  0.767276  0.764905  0.763204  0.761731  0.735607  0.698972  0.731763  0.726391  0.71812  0.736837  0.696733  0.70006  0.687279  0.702728  0.693919  0.676921  0.66529  0.657444  
0.89856  0.974843  0.971392  0.959023  0.962124  0.974402  0.959138  0.955318  0.943888  0.95324  0.931223  0.923515  0.938735  0.976063  0.929301  0.939063  0.912321  0.957019  0.95369  0.906081  0.937539  0.901093  0.92381  0.917437  0.929125  0.942052  0.927532  0.912189  0.913538  0.923836  
0.138474  0.688107  0.664312  0.645651  0.66779  0.618812  0.607091  0.597137  0.567478  0.586237  0.560765  0.562471  0.581069  0.56075  0.550678  0.542322  0.536193  0.52466  0.545386  0.530129  0.504345  0.538265  0.521858  0.494482  0.510514  0.493285  0.477473  0.490846  0.520463  0.454995  
0.063515  0.607993  0.606634  0.576225  0.594519  0.560841  0.565065  0.557276  0.528093  0.551195  0.518666  0.510329  0.559337  0.506107  0.532877  0.518283  0.525367  0.510672  0.474247  0.512147  0.460769  0.516911  0.497692  0.491111  0.467363  0.481425  0.489389  0.503224  0.515812  0.473601  
0.383877  0.785097  0.77584  0.771338  0.759744  0.771733  0.707187  0.735732  0.720333  0.710854  0.701821  0.680985  0.671166  0.667702  0.647434  0.636759  0.64001  0.652076  0.650607  0.634249  0.610508  0.608828  0.596772  0.624115  0.593851  0.594243  0.558231  0.588355  0.586548  0.588401  
0.216812  0.736749  0.702924  0.696565  0.696063  0.671071  0.653291  0.619632  0.634836  0.625739  0.601631  0.621064  0.602619  0.604494  0.608438  0.570838  0.564712  0.586984  0.537863  0.580536  0.581872  0.535215  0.547657  0.582146  0.55427  0.548887  0.493775  0.531864  0.52936  0.553056  
0.92136  0.974614  0.970775  0.965314  0.969083  0.968991  0.965194  0.968247  0.963544  0.973809  0.94942  0.984327  0.960124  0.976613  0.957878  0.950417  0.92998  0.927332  0.95524  0.941449  0.936373  0.92977  0.933678  0.940653  0.918035  0.918297  0.937881  0.911133  0.946705  0.94637  
0.99702  0.99763  0.999805  0.995564  0.999003  0.9981  0.995445  0.998426  0.997839  0.991543  0.970895  0.998953  0.989931  0.992453  0.993717  0.999998  0.997033  0.990736  0.990848  0.991844  0.989326  0.99896  0.997625  0.993677  0.999623  0.993469  0.980796  0.999989  0.998171  0.999522  
0.90864  0.971823  0.964734  0.957544  0.986676  0.959847  0.955511  0.966699  0.957423  0.950131  0.940402  0.955362  0.951158  0.956675  0.932608  0.948041  0.947393  0.948906  0.933635  0.935525  0.932591  0.935154  0.922332  0.939996  0.956044  0.938391  0.935195  0.954179  0.941152  0.925081  
0.830092  0.964467  0.922206  0.979248  0.95212  0.940945  0.918882  0.938796  0.903852  0.939525  0.938968  0.892147  0.930005  0.920245  0.923873  0.902664  0.899895  0.88123  0.892137  0.878541  0.853089  0.855768  0.868031  0.881727  0.84584  0.858947  0.844238  0.866127  0.854993  0.86874  
0.284926  0.77343  0.731492  0.727321  0.726979  0.717176  0.672074  0.69953  0.652925  0.648201  0.661878  0.632898  0.640126  0.624448  0.618215  0.574366  0.57834  0.588869  0.581557  0.578244  0.585244  0.556382  0.56069  0.543934  0.55679  0.546079  0.550061  0.552032  0.562564  0.550234  
0.0502869  0.61534  0.622315  0.575622  0.59051  0.581987  0.521515  0.544708  0.536057  0.508798  0.535987  0.502333  0.523209  0.504919  0.531339  0.518614  0.482119  0.501702  0.523508  0.516839  0.465644  0.495656  0.481013  0.487116  0.485672  0.51415  0.503421  0.521067  0.529612  0.474632  
0.247826  0.725463  0.717808  0.687881  0.719973  0.687987  0.656825  0.644873  0.64795  0.634907  0.629689  0.621345  0.631808  0.600079  0.602786  0.561029  0.603785  0.580024  0.566738  0.563633  0.558958  0.540904  0.550634  0.550642  0.543979  0.536986  0.501292  0.537108  0.522881  0.539737  
0.560382  0.923874  0.864698  0.871878  0.839331  0.817258  0.821649  0.82733  0.787799  0.79332  0.77097  0.79684  0.751453  0.751511  0.749788  0.764567  0.701497  0.682405  0.708638  0.701319  0.700009  0.741237  0.695537  0.650679  0.66  0.651576  0.698582  0.645956  0.624295  0.640041  
0.532357  0.869171  0.827457  0.867596  0.843667  0.831901  0.783806  0.812938  0.8069  0.774505  0.76598  0.759314  0.74964  0.735721  0.745915  0.720077  0.720305  0.716058  0.722857  0.725237  0.685102  0.699573  0.699908  0.674519  0.67272  0.665754  0.61914  0.643805  0.644026  0.637476  
0.553279  0.860565  0.856886  0.866258  0.840995  0.80901  0.802996  0.825429  0.798526  0.779855  0.780378  0.768537  0.776782  0.749493  0.768213  0.73371  0.730675  0.725891  0.7372  0.734851  0.7011  0.707523  0.688376  0.700345  0.691823  0.689524  0.658932  0.661932  0.643423  0.650353  
0.878672  0.998337  0.98415  0.986456  0.939355  0.942263  0.941  0.972022  0.95098  0.940861  0.944473  0.934224  0.9188  0.940845  0.931452  0.909436  0.919973  0.887613  0.912292  0.910098  0.901453  0.896165  0.898849  0.888478  0.87978  0.885135  0.880922  0.884247  0.845256  0.875874  
0.993515  0.992257  0.99943  0.995229  0.996074  0.978593  0.9931  0.9929  0.99926  0.978  0.99885  0.99968  0.999661  0.999049  0.978343  0.996673  0.982707  0.982613  0.995633  0.991817  0.95014  0.98768  0.998206  0.99518  0.968907  0.999892  0.997715  0.965333  0.974038  0.999054  
0.548351  0.900743  0.85567  0.835522  0.850435  0.801837  0.795149  0.811915  0.802538  0.78913  0.77212  0.782903  0.761472  0.746789  0.74103  0.717499  0.734959  0.696339  0.723006  0.705239  0.701387  0.701012  0.689959  0.696085  0.670701  0.668777  0.670144  0.664235  0.629505  0.667874  
0.95357  0.990058  0.973395  0.979212  0.99243  0.99914  0.991454  0.970816  0.950995  0.969843  0.990229  0.952954  0.970197  0.977805  0.989799  0.972721  0.978453  0.99481  0.959574  0.94575  0.994908  0.90933  0.935435  0.926658  0.957027  0.987602  0.931003  0.994097  0.951621  0.974617  
0.832245  0.939966  0.949339  0.933968  0.925981  0.949373  0.944202  0.929526  0.929898  0.911762  0.905469  0.919514  0.911234  0.908281  0.905143  0.909139  0.914194  0.874541  0.902611  0.888823  0.879157  0.891323  0.871272  0.863719  0.858838  0.881841  0.874986  0.877459  0.861174  0.848563  
0.814431  0.921171  0.927433  0.934597  0.939565  0.911946  0.938283  0.924853  0.913417  0.901872  0.907766  0.946633  0.905865  0.894392  0.885559  0.8786  0.878381  0.873261  0.867388  0.870269  0.855231  0.882257  0.855393  0.852774  0.860262  0.867993  0.84541  0.838362  0.843695  0.871797  
0.269906  0.761277  0.726174  0.726244  0.725607  0.723392  0.684698  0.693612  0.668382  0.643998  0.64423  0.634274  0.584264  0.598429  0.62103  0.615436  0.589564  0.565638  0.566607  0.571226  0.550574  0.539882  0.539758  0.544915  0.541848  0.563056  0.54584  0.547964  0.552559  0.547836  
0.571446  0.879358  0.853939  0.827054  0.836507  0.836377  0.810029  0.791636  0.815968  0.789725  0.781612  0.80191  0.770325  0.718891  0.766902  0.759775  0.734609  0.724291  0.723784  0.744584  0.697776  0.717893  0.709199  0.68969  0.701125  0.660133  0.695287  0.693788  0.670109  0.675093  
0.485561  0.834816  0.866576  0.810331  0.802181  0.834887  0.754251  0.790206  0.786605  0.761973  0.760346  0.741593  0.726697  0.710712  0.714762  0.676934  0.705642  0.705784  0.672415  0.672377  0.687834  0.64072  0.636271  0.663473  0.628144  0.608067  0.597736  0.649203  0.577374  0.623034  
0.646841  0.920794  0.889102  0.903849  0.891458  0.860184  0.843591  0.845619  0.827497  0.828118  0.842437  0.815079  0.843235  0.79972  0.818904  0.81089  0.774919  0.74819  0.774606  0.762964  0.732678  0.738507  0.738499  0.734978  0.732901  0.707365  0.7196  0.724057  0.724416  0.726233  
0.0371758  0.593011  0.596041  0.599193  0.557607  0.561218  0.517965  0.544556  0.520496  0.526449  0.506865  0.508458  0.533827  0.481071  0.547489  0.509998  0.476994  0.502079  0.527822  0.491089  0.463157  0.489172  0.514716  0.464802  0.51139  0.512734  0.460122  0.529571  0.475376  0.486887  
0.314544  0.79653  0.743032  0.76538  0.707272  0.730617  0.693499  0.707111  0.669897  0.654462  0.679361  0.672442  0.628542  0.63604  0.664978  0.60842  0.603569  0.597238  0.59362  0.621917  0.606604  0.588421  0.583592  0.560729  0.564877  0.545423  0.563679  0.550961  0.552559  0.520055  
0.367762  0.789927  0.778739  0.757597  0.741666  0.722539  0.718026  0.716746  0.716598  0.712026  0.688687  0.686799  0.641552  0.678827  0.652109  0.644343  0.645054  0.630414  0.622796  0.630278  0.629648  0.664934  0.611758  0.610643  0.583651  0.592481  0.586308  0.59614  0.614514  0.571168  
0.95747  0.982866  0.998022  0.987613  0.991162  0.971659  0.992965  0.991147  0.989094  0.973909  0.998556  0.999416  0.996829  0.998042  0.972126  0.952026  0.949789  0.972067  0.971822  0.976136  0.949033  0.98741  0.988292  0.947102  0.962909  0.992153  0.983873  0.935594  0.946453  0.999011  
0.69968  0.915123  0.911116  0.90207  0.890093  0.902698  0.871756  0.850022  0.877466  0.853689  0.86788  0.819621  0.852005  0.885434  0.831258  0.844424  0.795678  0.813045  0.804412  0.805647  0.787999  0.782726  0.753082  0.783741  0.778749  0.775554  0.751369  0.767642  0.749899  0.754834  
0.672969  0.931264  0.861965  0.911887  0.894896  0.866965  0.859305  0.852383  0.855832  0.849169  0.865693  0.825022  0.812799  0.81783  0.803231  0.828276  0.775402  0.798985  0.761034  0.759787  0.768377  0.738818  0.75264  0.750512  0.772762  0.775194  0.765581  0.751457  0.743903  0.748282  
0.502421  0.850692  0.813735  0.838453  0.825945  0.7994  0.784905  0.799346  0.764857  0.789639  0.757387  0.707164  0.723913  0.735705  0.728958  0.716943  0.705402  0.708347  0.694902  0.70333  0.652195  0.673499  0.656407  0.657782  0.652826  0.654161  0.642716  0.65664  0.626804  0.645735  
0.0696084  0.622957  0.621296  0.591773  0.610988  0.562309  0.560391  0.525918  0.546405  0.549545  0.52303  0.523016  0.514964  0.498503  0.501898  0.524881  0.52743  0.512838  0.51226  0.502135  0.494869  0.540588  0.526073  0.479084  0.519917  0.527307  0.477483  0.523232  0.516597  0.523847  
0.601989  0.899011  0.887435  0.873296  0.871739  0.853033  0.818245  0.853899  0.809512  0.837643  0.800257  0.795287  0.792533  0.776718  0.78991  0.757952  0.774347  0.745534  0.750099  0.74968  0.716904  0.671396  0.741672  0.721074  0.727072  0.730456  0.718626  0.730674  0.700523  0.73686  
0.446705  0.853041  0.791313  0.813606  0.796387  0.788487  0.76188  0.743295  0.749966  0.756031  0.713265  0.714673  0.708963  0.685472  0.68074  0.690927  0.674044  0.671573  0.643478  0.671901  0.633573  0.676416  0.636502  0.61638  0.624774  0.636776  0.606462  0.627898  0.596459  0.592334  
0.650566  0.915117  0.877016  0.893519  0.877837  0.860957  0.850912  0.861656  0.833161  0.824705  0.83515  0.840944  0.817437  0.803118  0.806008  0.771455  0.767471  0.747148  0.757969  0.750674  0.74352  0.781127  0.744521  0.722451  0.728304  0.709386  0.737205  0.710927  0.702598  0.694983  
0.16502  0.701607  0.6824  0.677489  0.637031  0.651611  0.615829  0.651271  0.588598  0.592886  0.58081  0.576457  0.508017  0.574015  0.581485  0.578914  0.522044  0.531858  0.547213  0.51925  0.554603  0.502357  0.536601  0.523544  0.498986  0.526898  0.522094  0.510225  0.543334  0.516547  
0.27486  0.77257  0.758545  0.724032  0.717945  0.70356  0.682185  0.665784  0.661574  0.669522  0.60884  0.632795  0.612367  0.612334  0.608002  0.601768  0.568477  0.578146  0.580433  0.592831  0.576987  0.556376  0.544953  0.553245  0.57019  0.564809  0.528992  0.551949  0.54954  0.561309  
0.640269  0.90848  0.855555  0.902651  0.841744  0.856499  0.866248  0.847787  0.836752  0.817103  0.83719  0.81675  0.798005  0.803953  0.824161  0.790818  0.78187  0.754409  0.759509  0.792417  0.727015  0.771163  0.724727  0.718435  0.722058  0.728568  0.74401  0.715098  0.696888  0.688443  
0.614217  0.873408  0.857611  0.866899  0.856264  0.866167  0.828558  0.843531  0.840267  0.822889  0.815506  0.79279  0.75218  0.800204  0.771013  0.783085  0.768345  0.785426  0.782588  0.73642  0.736571  0.730695  0.709057  0.735531  0.720637  0.73267  0.694277  0.714342  0.714607  0.702798  
0.21074  0.693648  0.676698  0.685394  0.627777  0.646909  0.622911  0.628022  0.638831  0.60797  0.594106  0.622218  0.601587  0.602981  0.591459  0.587825  0.585068  0.548436  0.568816  0.569935  0.552105  0.601324  0.539239  0.562061  0.531488  0.565398  0.522505  0.531626  0.557688  0.515338  
0.760672  0.931293  0.930146  0.923505  0.907217  0.924503  0.907974  0.875279  0.886347  0.868252  0.867834  0.842896  0.866778  0.84355  0.839266  0.854091  0.856598  0.817523  0.859292  0.832607  0.847745  0.840666  0.814942  0.80877  0.794084  0.799983  0.7811  0.780454  0.784533  0.823131  
0.841039  0.956428  0.946057  0.979349  0.936646  0.940068  0.920671  0.959661  0.902498  0.929938  0.931062  0.915898  0.923453  0.928444  0.910259  0.912178  0.897556  0.860694  0.902449  0.877789  0.870619  0.857313  0.866829  0.879867  0.85578  0.877169  0.854426  0.884959  0.855799  0.868859  
0.036271  0.605331  0.602947  0.57991  0.597705  0.564034  0.520769  0.523379  0.506827  0.542047  0.516259  0.486487  0.497463  0.508813  0.498132  0.508693  0.482882  0.499464  0.502177  0.490479  0.458473  0.465297  0.527306  0.505369  0.512325  0.500049  0.477231  0.494223  0.554877  0.494186  
0.579931  0.887796  0.873421  0.85407  0.854238  0.842937  0.802874  0.766862  0.825837  0.811389  0.793094  0.789732  0.801503  0.782166  0.774113  0.752952  0.721843  0.715009  0.718926  0.735675  0.743457  0.700788  0.72295  0.71435  0.704599  0.706669  0.680144  0.702861  0.692631  0.698073  
0.343622  0.787636  0.761985  0.752726  0.747089  0.710777  0.696129  0.699559  0.694007  0.685741  0.676244  0.653751  0.647789  0.660251  0.638554  0.620904  0.619432  0.624676  0.612856  0.621376  0.577243  0.637344  0.60204  0.604583  0.593366  0.585712  0.5669  0.574506  0.578731  0.562022  
0.23865  0.740419  0.70551  0.716329  0.659743  0.684065  0.669486  0.634409  0.621351  0.642602  0.600872  0.637296  0.613584  0.599665  0.610402  0.580994  0.585284  0.578383  0.570855  0.564929  0.577578  0.558384  0.555056  0.56026  0.570707  0.581681  0.520925  0.54264  0.536366  0.553208  
0.493486  0.821723  0.843427  0.819063  0.804735  0.819734  0.783225  0.773136  0.768506  0.751669  0.742316  0.724858  0.730768  0.741851  0.695278  0.713454  0.682293  0.679962  0.708526  0.694488  0.665921  0.662237  0.65041  0.663819  0.637097  0.654455  0.599332  0.620696  0.638791  0.636172  
0.110807  0.640039  0.628253  0.631984  0.659273  0.600096  0.578888  0.594071  0.554297  0.574846  0.588683  0.557128  0.566163  0.539797  0.540742  0.531107  0.532459  0.545374  0.547805  0.50626  0.500734  0.501296  0.511619  0.510306  0.536923  0.522358  0.51688  0.523688  0.528647  0.511534  
0.944739  0.996074  0.995838  0.992834  0.982162  0.971375  0.986566  0.992483  0.979463  0.953542  0.990619  0.976078  0.942845  0.975783  0.959985  0.943108  0.935122  0.984288  0.928609  0.928852  0.968122  0.935809  0.958322  0.957702  0.93813  0.944362  0.949155  0.928134  0.925505  0.922211  
0.31192  0.740097  0.743884  0.735667  0.70286  0.729292  0.688109  0.706022  0.658915  0.659934  0.66958  0.661242  0.654432  0.63335  0.614301  0.605053  0.614348  0.60413  0.61498  0.618362  0.56729  0.593759  0.551753  0.577004  0.58811  0.606464  0.558237  0.594848  0.561212  0.540746  
0.449039  0.819928  0.829068  0.816785  0.781664  0.787653  0.745709  0.769012  0.745153  0.737795  0.729839  0.719329  0.68871  0.707012  0.733106  0.6982  0.674154  0.689315  0.681936  0.651184  0.659706  0.638604  0.642681  0.62456  0.616905  0.615442  0.604712  0.626632  0.601632  0.621133  
0.73866  0.918717  0.951213  0.929234  0.916581  0.906411  0.907294  0.888952  0.903406  0.875946  0.865432  0.881784  0.882369  0.874881  0.835636  0.84151  0.810066  0.799765  0.812211  0.801753  0.802525  0.778122  0.779324  0.784359  0.776324  0.763441  0.769065  0.773373  0.784774  0.784015  
0.929744  0.983365  0.960514  0.977092  0.967442  0.972743  0.989587  0.966391  0.96326  0.970509  0.964187  0.977104  0.947632  0.984184  0.956733  0.958807  0.94349  0.931346  0.939339  0.955312  0.937423  0.956998  0.940795  0.921127  0.925513  0.942039  0.939345  0.92769  0.949247  0.932103  
0.779144  0.916269  0.923246  0.9087  0.920362  0.909115  0.90496  0.885031  0.907695  0.87545  0.89361  0.866082  0.880247  0.823781  0.87328  0.861891  0.854549  0.847008  0.839925  0.85507  0.822031  0.846684  0.830203  0.814793  0.827802  0.798621  0.818543  0.816352  0.782476  0.807775  
0.360262  0.791412  0.797435  0.75229  0.759845  0.725488  0.681789  0.684339  0.688134  0.676738  0.690169  0.65722  0.682629  0.659906  0.640977  0.622791  0.6515  0.620174  0.650202  0.61797  0.604377  0.593913  0.63201  0.594513  0.619044  0.568354  0.574341  0.558181  0.544829  0.560811  
0.534023  0.871046  0.832345  0.851075  0.800618  0.813659  0.806003  0.794631  0.78562  0.756422  0.782571  0.780917  0.731048  0.737155  0.77763  0.733276  0.724411  0.709428  0.70657  0.740236  0.716745  0.705053  0.694674  0.67551  0.675579  0.663302  0.670877  0.67195  0.653517  0.648832  
0.890964  0.968264  0.967872  0.96057  0.949151  0.948182  0.953888  0.985688  0.944257  0.919946  0.947578  0.97509  0.94067  0.955731  0.94938  0.914282  0.919743  0.92176  0.930297  0.925186  0.938064  0.943334  0.940212  0.94494  0.903281  0.931829  0.912602  0.914973  0.911231  0.914635  
0.413001  0.824471  0.804498  0.784134  0.762803  0.775605  0.743381  0.741528  0.729543  0.73694  0.691487  0.701586  0.690688  0.693348  0.674788  0.683525  0.634903  0.628467  0.648924  0.644687  0.626268  0.626195  0.622658  0.611844  0.614592  0.590231  0.618937  0.5944  0.615682  0.597886  
0.280297  0.72769  0.718374  0.706626  0.697397  0.689672  0.728556  0.688993  0.635058  0.655994  0.623784  0.660658  0.657117  0.60323  0.626497  0.585854  0.603828  0.587438  0.58626  0.584258  0.558458  0.624206  0.568504  0.551578  0.565709  0.581824  0.520558  0.563545  0.558369  0.540933  
0.517213  0.881024  0.839735  0.825249  0.832689  0.811047  0.817646  0.77714  0.793862  0.757152  0.744525  0.767136  0.756434  0.75023  0.724182  0.699248  0.666556  0.683251  0.676572  0.715499  0.70799  0.690386  0.658995  0.673357  0.67168  0.681544  0.629558  0.63759  0.672922  0.627082  
0.571339  0.874132  0.866234  0.849188  0.835418  0.867833  0.826043  0.806838  0.809998  0.805973  0.801004  0.753634  0.788139  0.809235  0.73554  0.76987  0.708403  0.728702  0.729068  0.718605  0.678523  0.716514  0.659138  0.693237  0.692909  0.671302  0.669902  0.67038  0.665451  0.641983  
0.354414  0.813384  0.768735  0.746287  0.752808  0.729233  0.695327  0.720106  0.705215  0.678129  0.686568  0.675943  0.66002  0.63576  0.64681  0.638117  0.638616  0.607897  0.635531  0.623663  0.608839  0.602087  0.606924  0.602228  0.602436  0.58256  0.585063  0.594084  0.559765  0.566592  
0.499593  0.881561  0.839381  0.819997  0.847857  0.810667  0.778245  0.769296  0.77721  0.762577  0.747784  0.748423  0.755497  0.726182  0.728716  0.72077  0.707858  0.668867  0.711796  0.677751  0.68281  0.67664  0.661199  0.668528  0.681034  0.65305  0.6677  0.645029  0.647725  0.664019  
0.0047801  0.512026  0.548983  0.541348  0.517437  0.508209  0.549741  0.501069  0.506365  0.487831  0.480416  0.490717  0.517926  0.498427  0.516401  0.486348  0.475076  0.509055  0.474957  0.462133  0.485435  0.516435  0.435691  0.490537  0.452191  0.497421  0.453336  0.49454  0.538569  0.540689  
0.83627  0.942066  0.955567  0.93868  0.979687  0.951326  0.93815  0.945042  0.921687  0.930404  0.906508  0.909757  0.930374  0.895374  0.918675  0.877034  0.908643  0.891498  0.871562  0.891128  0.848506  0.82645  0.877003  0.865439  0.86846  0.89125  0.832258  0.865994  0.841229  0.870658  
0.880177  0.971421  0.957472  0.967679  0.946476  0.956393  0.944125  0.964717  0.947454  0.925794  0.945257  0.96057  0.917801  0.936254  0.94935  0.898031  0.920687  0.924633  0.921872  0.918624  0.942499  0.930914  0.933277  0.938779  0.895684  0.922701  0.907551  0.908994  0.893173  0.901096  
0.608669  0.875323  0.888508  0.871851  0.857785  0.87268  0.83261  0.828116  0.817936  0.816189  0.801906  0.792271  0.804374  0.81239  0.79818  0.793494  0.742448  0.750425  0.765152  0.737208  0.733916  0.743256  0.67745  0.706442  0.708609  0.697724  0.715089  0.706394  0.689556  0.690221  
0.205866  0.706601  0.710086  0.694172  0.694005  0.659224  0.663613  0.619596  0.613866  0.628605  0.580598  0.627286  0.602949  0.592137  0.597424  0.556269  0.571508  0.5543  0.545671  0.540941  0.560313  0.532014  0.540244  0.529773  0.539787  0.539889  0.479055  0.514511  0.513744  0.53821  
0.484592  0.847675  0.851697  0.800941  0.798961  0.803986  0.771067  0.764068  0.779415  0.731358  0.735548  0.684916  0.700556  0.73742  0.72203  0.692089  0.680424  0.674715  0.678488  0.69745  0.662318  0.646012  0.630937  0.631977  0.622392  0.642359  0.625628  0.657156  0.629791  0.641098  
0.931558  0.987392  0.983832  0.973523  0.967722  0.96299  0.974254  0.992079  0.95833  0.98234  0.962667  0.998345  0.982346  0.974059  0.963236  0.946535  0.944248  0.950718  0.940922  0.947967  0.947708  0.947036  0.955842  0.935985  0.942359  0.960721  0.942018  0.932673  0.960798  0.916225  
0.385664  0.80486  0.814079  0.750511  0.766662  0.775779  0.71054  0.725028  0.725729  0.714951  0.703041  0.696216  0.686938  0.653167  0.653962  0.620682  0.657412  0.640001  0.616326  0.624203  0.629089  0.594498  0.599332  0.62143  0.590179  0.575215  0.566908  0.599091  0.54916  0.592135  
0.611827  0.898912  0.866143  0.864136  0.90304  0.852491  0.826493  0.837627  0.821731  0.856761  0.800542  0.763485  0.802634  0.777992  0.797435  0.769132  0.766539  0.769628  0.740513  0.76196  0.710175  0.699364  0.744303  0.73774  0.731933  0.720934  0.69895  0.684773  0.699896  0.696706  
0.826383  0.946642  0.954353  0.946438  0.986896  0.925374  0.924501  0.919235  0.913674  0.902044  0.918713  0.903168  0.923231  0.911631  0.898195  0.87516  0.891806  0.876387  0.885607  0.885311  0.860436  0.849144  0.823716  0.836225  0.843818  0.836041  0.852117  0.841775  0.83446  0.827229  
0.0481067  0.586897  0.631575  0.601687  0.569077  0.544236  0.553062  0.53287  0.517857  0.508645  0.530373  0.512921  0.517485  0.53619  0.510925  0.485786  0.508935  0.519371  0.524534  0.506346  0.474786  0.518469  0.496447  0.471776  0.469173  0.480609  0.512383  0.494886  0.451669  0.465473  
0.0783663  0.645457  0.674675  0.614  0.61558  0.591898  0.533328  0.558097  0.553585  0.570657  0.549197  0.530819  0.513531  0.54477  0.483471  0.521646  0.510517  0.504706  0.555659  0.531056  0.476202  0.555107  0.504286  0.492385  0.540749  0.504352  0.490377  0.496494  0.489565  0.492987  
0.282643  0.768108  0.77351  0.736426  0.744904  0.699403  0.679159  0.673748  0.68325  0.69482  0.63645  0.646878  0.627881  0.623249  0.59416  0.6098  0.60806  0.569279  0.566889  0.585797  0.572214  0.587506  0.563633  0.556382  0.560558  0.518613  0.541924  0.528089  0.529618  0.544724  
0.0156339  0.566077  0.535307  0.534398  0.5227  0.536054  0.538488  0.512186  0.519208  0.4752  0.488155  0.482701  0.495506  0.491997  0.518273  0.477338  0.477681  0.490071  0.483968  0.469457  0.466535  0.500994  0.457039  0.479992  0.460953  0.485006  0.45333  0.474766  0.506216  0.508748  
0.419544  0.817099  0.778189  0.806551  0.757902  0.772924  0.743858  0.728712  0.748079  0.722639  0.71181  0.706469  0.675329  0.691828  0.69018  0.677496  0.66836  0.686504  0.646165  0.678363  0.683322  0.656139  0.632208  0.627022  0.62674  0.614092  0.628198  0.612794  0.598947  0.614794  
0.838539  0.965406  0.937853  0.951449  0.956702  0.960676  0.958666  0.934433  0.934351  0.920567  0.943419  0.893731  0.924781  0.917241  0.901544  0.886355  0.897422  0.898325  0.879327  0.88872  0.877143  0.887747  0.857231  0.867588  0.87791  0.860268  0.861238  0.863863  0.849944  0.854161  
0.565299  0.874565  0.836375  0.848205  0.830924  0.839617  0.82529  0.830183  0.790915  0.782064  0.782658  0.794267  0.808454  0.771595  0.756579  0.730815  0.734424  0.718992  0.735642  0.724957  0.707477  0.73147  0.699593  0.685709  0.701682  0.691929  0.698862  0.675429  0.683325  0.658863  
0.166181  0.681787  0.662896  0.667391  0.714844  0.64968  0.62782  0.617107  0.61195  0.598971  0.59364  0.570587  0.588013  0.547604  0.57214  0.555741  0.548324  0.551621  0.549769  0.51763  0.517749  0.509746  0.493902  0.521825  0.529363  0.494813  0.487744  0.513406  0.53805  0.511481  
0.0149468  0.548747  0.581491  0.548735  0.527544  0.533581  0.491685  0.49952  0.514438  0.504238  0.525177  0.475255  0.490183  0.482131  0.507965  0.491326  0.496836  0.519154  0.524426  0.503642  0.440054  0.515082  0.469721  0.502235  0.494363  0.470587  0.473994  0.520436  0.491952  0.514417  
0.823118  0.978116  0.921197  0.949511  0.955304  0.931692  0.923959  0.917068  0.924453  0.948974  0.929066  0.878206  0.921185  0.915181  0.902644  0.897071  0.891002  0.910147  0.871394  0.88186  0.856443  0.870767  0.862733  0.876599  0.839932  0.825056  0.850511  0.829947  0.837711  0.863774  
0.0479938  0.590205  0.607597  0.596081  0.591151  0.588752  0.531442  0.528516  0.570124  0.519369  0.545827  0.520425  0.536094  0.512057  0.511634  0.482432  0.50741  0.501575  0.480811  0.494188  0.459178  0.497178  0.47223  0.485892  0.488447  0.489271  0.448591  0.492858  0.503995  0.469295  
0.558601  0.888161  0.877199  0.873604  0.853037  0.831428  0.796884  0.802879  0.789889  0.806969  0.769988  0.754964  0.752249  0.757096  0.75409  0.767176  0.712449  0.70229  0.718893  0.722844  0.697671  0.687059  0.64924  0.668373  0.696432  0.656964  0.690307  0.649193  0.639934  0.675549  
0.00482423  0.53678  0.555001  0.556162  0.546608  0.521492  0.527734  0.528587  0.4994  0.504895  0.517523  0.485413  0.523803  0.503773  0.505798  0.467864  0.48852  0.523167  0.480723  0.48101  0.474085  0.478167  0.46068  0.488877  0.47183  0.478882  0.443124  0.482714  0.543751  0.505747  
0.945664  0.987631  0.980169  0.968445  0.971074  0.979771  0.965474  0.972223  0.979839  0.9754  0.968694  0.975443  0.970889  0.967378  0.962368  0.96362  0.971766  0.962946  0.963078  0.973002  0.972313  0.984082  0.95975  0.977373  0.982391  0.958634  0.986486  0.995878  0.956035  0.924203  
0.557483  0.859313  0.846428  0.846996  0.851717  0.835719  0.811203  0.84082  0.803864  0.775849  0.775611  0.788336  0.762821  0.776018  0.734717  0.753252  0.72636  0.699747  0.715376  0.700269  0.680287  0.719914  0.673764  0.698432  0.65484  0.686546  0.641925  0.676457  0.678783  0.656539  
0.739423  0.936751  0.921626  0.900333  0.912916  0.930863  0.897365  0.874539  0.880018  0.887106  0.885461  0.842114  0.876445  0.909222  0.845067  0.860098  0.808258  0.832896  0.835602  0.820015  0.798972  0.831305  0.778205  0.797299  0.797248  0.777531  0.789718  0.773331  0.800147  0.77546  
0.0167508  0.567651  0.607428  0.557187  0.564375  0.512604  0.507452  0.505637  0.496284  0.520515  0.494013  0.479972  0.534051  0.518283  0.505343  0.48768  0.478969  0.517192  0.515249  0.505611  0.47424  0.504564  0.498853  0.461858  0.495197  0.496943  0.461215  0.501044  0.504674  0.500497  
0.949435  0.979043  0.988689  0.999645  0.987304  0.968581  0.979976  0.984364  0.949491  0.977588  0.988043  0.998678  0.984133  0.985807  0.992448  0.989087  0.969646  0.998268  0.994309  0.97289  0.958232  0.947337  0.969583  0.98836  0.986743  0.994985  0.97112  0.941611  0.950402  0.973831  
0.358165  0.826808  0.767455  0.781836  0.759484  0.727284  0.692752  0.732424  0.709572  0.679523  0.691722  0.6857  0.635521  0.63656  0.687765  0.629076  0.631325  0.635751  0.62396  0.611831  0.620321  0.606611  0.639036  0.605637  0.591124  0.582049  0.575609  0.577703  0.556081  0.545496  
0.509331  0.854701  0.829665  0.862994  0.787981  0.799389  0.80165  0.790678  0.752126  0.752382  0.748502  0.763451  0.740217  0.726604  0.752209  0.717052  0.717902  0.690895  0.709201  0.678616  0.678185  0.665274  0.667423  0.64798  0.666068  0.677462  0.639352  0.617723  0.646048  0.680798  
0.370885  0.816081  0.773194  0.736591  0.746437  0.733091  0.716069  0.728728  0.697222  0.681909  0.694907  0.69342  0.689427  0.653697  0.652142  0.643486  0.645675  0.609364  0.641923  0.623523  0.620027  0.618035  0.606766  0.607823  0.616917  0.604831  0.624924  0.609896  0.579414  0.577286  
0.478135  0.838497  0.834296  0.81511  0.790242  0.801749  0.751409  0.759043  0.777326  0.766958  0.738093  0.743271  0.720692  0.70052  0.701417  0.705059  0.707537  0.66707  0.687341  0.66212  0.664406  0.672189  0.64379  0.667558  0.634415  0.607785  0.627822  0.633649  0.612475  0.619381  
0.517535  0.895879  0.812141  0.836858  0.814988  0.815163  0.776251  0.777995  0.770904  0.767946  0.767879  0.71755  0.732892  0.71924  0.725415  0.703238  0.694459  0.737017  0.699479  0.701839  0.696746  0.653751  0.667622  0.689963  0.658551  0.665351  0.616476  0.674985  0.649026  0.637485  
0.11156  0.662372  0.630965  0.643768  0.6476  0.628691  0.588437  0.601734  0.591419  0.556634  0.565838  0.580862  0.564501  0.536457  0.55042  0.531088  0.563288  0.526727  0.572211  0.526304  0.506798  0.539158  0.516776  0.518904  0.525617  0.525752  0.517352  0.487008  0.506815  0.512333  
0.896319  0.976021  0.965327  0.958234  0.953538  0.970135  0.959671  0.962198  0.965289  0.954233  0.957129  0.969979  0.93968  0.953164  0.945167  0.938166  0.91434  0.892365  0.924456  0.94228  0.982459  0.91816  0.875462  0.909117  0.901893  0.893046  0.912548  0.904289  0.91423  0.912606  
0.925419  0.992475  0.988327  0.96724  0.971305  0.996685  0.970058  0.973488  0.970573  0.964769  0.942165  0.957017  0.966917  0.959964  0.951683  0.93751  0.949968  0.954894  0.946479  0.921853  0.956105  0.926985  0.915466  0.935895  0.940338  0.937172  0.94182  0.922107  0.923519  0.958191  
0.989839  0.997189  0.999443  0.973844  0.997006  0.998016  0.991808  0.990934  0.997503  0.985614  0.969749  0.980591  0.975066  0.983379  0.986136  0.99997  0.984254  0.987752  0.986843  0.991526  0.989187  0.996723  0.983309  0.993016  0.999253  0.993156  0.979832  0.999942  0.99026  0.99521  
0.649411  0.883966  0.902983  0.878104  0.864204  0.865558  0.862871  0.856229  0.846296  0.839474  0.832105  0.825326  0.842556  0.821244  0.813525  0.77899  0.812595  0.761854  0.792872  0.749928  0.790407  0.746791  0.735732  0.762456  0.743856  0.755363  0.755318  0.76304  0.726473  0.733268  
0.0978082  0.611353  0.626987  0.614432  0.615483  0.573284  0.569166  0.565065  0.568951  0.549241  0.550927  0.544279  0.549773  0.539196  0.539648  0.519509  0.536635  0.518895  0.536957  0.507843  0.48451  0.521588  0.496837  0.497338  0.524822  0.514392  0.489801  0.493631  0.555239  0.512903  
0.158915  0.705078  0.716106  0.649488  0.642651  0.63446  0.611459  0.661681  0.583755  0.594063  0.549298  0.579755  0.558539  0.551265  0.595598  0.551632  0.528713  0.540988  0.538464  0.541458  0.5269  0.535533  0.54083  0.495537  0.511526  0.522432  0.507835  0.51195  0.500751  0.51852  
0.190262  0.70748  0.711942  0.677678  0.680538  0.648613  0.623906  0.626965  0.631641  0.628043  0.601263  0.575776  0.570333  0.586526  0.568771  0.559385  0.554621  0.57228  0.566543  0.568336  0.548279  0.539031  0.54574  0.536173  0.537471  0.515738  0.501491  0.548645  0.526512  0.509631  
0.550445  0.900874  0.843963  0.875966  0.84633  0.821258  0.787917  0.821493  0.787987  0.784463  0.780518  0.768274  0.757963  0.731936  0.75946  0.740999  0.734629  0.687939  0.719402  0.716211  0.683877  0.695162  0.695181  0.660707  0.683612  0.647056  0.68696  0.633919  0.624006  0.633551  
0.301919  0.798754  0.744205  0.752403  0.731393  0.716283  0.67157  0.700945  0.68479  0.658633  0.649147  0.657418  0.619715  0.602809  0.660344  0.612092  0.620861  0.580877  0.610961  0.591816  0.575839  0.584368  0.595511  0.558646  0.551477  0.550788  0.538524  0.552366  0.523915  0.508672  
